351
SES.91S79.___
47.750000 108.250000 0.0
SES.91S80.___
47.500000 108.250000 0.0
SES.91S81.___
47.250000 108.250000 0.0
SES.91S82.___
47.000000 108.250000 0.0
SES.91S83.___
46.750000 108.250000 0.0
SES.91S84.___
46.500000 108.250000 0.0
SES.91S85.___
46.250000 108.250000 0.0
SES.91S86.___
46.000000 108.250000 0.0
SES.91S87.___
45.750000 108.250000 0.0
SES.92S73.___
49.250000 108.500000 0.0
SES.92S74.___
49.000000 108.500000 0.0
SES.92S75.___
48.750000 108.500000 0.0
SES.92S76.___
48.500000 108.500000 0.0
SES.92S77.___
48.250000 108.500000 0.0
SES.92S78.___
48.000000 108.500000 0.0
SES.92S79.___
47.750000 108.500000 0.0
SES.92S80.___
47.500000 108.500000 0.0
SES.92S81.___
47.250000 108.500000 0.0
SES.92S82.___
47.000000 108.500000 0.0
SES.92S83.___
46.750000 108.500000 0.0
SES.92S84.___
46.500000 108.500000 0.0
SES.92S85.___
46.250000 108.500000 0.0
SES.92S86.___
46.000000 108.500000 0.0
SES.92S87.___
45.750000 108.500000 0.0
SES.92S88.___
45.500000 108.500000 0.0
SES.92S89.___
45.250000 108.500000 0.0
SES.92S90.___
45.000000 108.500000 0.0
SES.92S91.___
44.750000 108.500000 0.0
SES.92S92.___
44.500000 108.500000 0.0
SES.92S93.___
44.250000 108.500000 0.0
SES.93S69.___
50.250000 108.750000 0.0
SES.93S70.___
50.000000 108.750000 0.0
SES.93S71.___
49.750000 108.750000 0.0
SES.93S72.___
49.500000 108.750000 0.0
SES.93S73.___
49.250000 108.750000 0.0
SES.93S74.___
49.000000 108.750000 0.0
SES.93S75.___
48.750000 108.750000 0.0
SES.93S76.___
48.500000 108.750000 0.0
SES.93S77.___
48.250000 108.750000 0.0
SES.93S78.___
48.000000 108.750000 0.0
SES.93S79.___
47.750000 108.750000 0.0
SES.93S80.___
47.500000 108.750000 0.0
SES.93S81.___
47.250000 108.750000 0.0
SES.93S82.___
47.000000 108.750000 0.0
SES.93S83.___
46.750000 108.750000 0.0
SES.93S84.___
46.500000 108.750000 0.0
SES.93S85.___
46.250000 108.750000 0.0
SES.93S86.___
46.000000 108.750000 0.0
SES.93S87.___
45.750000 108.750000 0.0
SES.93S88.___
45.500000 108.750000 0.0
SES.93S89.___
45.250000 108.750000 0.0
SES.93S90.___
45.000000 108.750000 0.0
SES.93S91.___
44.750000 108.750000 0.0
SES.93S92.___
44.500000 108.750000 0.0
SES.93S93.___
44.250000 108.750000 0.0
SES.93S94.___
44.000000 108.750000 0.0
SES.93S95.___
43.750000 108.750000 0.0
SES.93S96.___
43.500000 108.750000 0.0
SES.94S66.___
51.000000 109.000000 0.0
SES.94S67.___
50.750000 109.000000 0.0
SES.94S68.___
50.500000 109.000000 0.0
SES.94S69.___
50.250000 109.000000 0.0
SES.94S70.___
50.000000 109.000000 0.0
SES.94S71.___
49.750000 109.000000 0.0
SES.94S72.___
49.500000 109.000000 0.0
SES.94S73.___
49.250000 109.000000 0.0
SES.94S74.___
49.000000 109.000000 0.0
SES.94S91.___
44.750000 109.000000 0.0
SES.94S92.___
44.500000 109.000000 0.0
SES.94S93.___
44.250000 109.000000 0.0
SES.94S94.___
44.000000 109.000000 0.0
SES.94S95.___
43.750000 109.000000 0.0
SES.94S96.___
43.500000 109.000000 0.0
SES.94S97.___
43.250000 109.000000 0.0
SES.94S98.___
43.000000 109.000000 0.0
SES.94S99.___
42.750000 109.000000 0.0
SES.95S63.___
51.750000 109.250000 0.0
SES.95S64.___
51.500000 109.250000 0.0
SES.95S65.___
51.250000 109.250000 0.0
SES.95S66.___
51.000000 109.250000 0.0
SES.95S67.___
50.750000 109.250000 0.0
SES.95S68.___
50.500000 109.250000 0.0
SES.95S69.___
50.250000 109.250000 0.0
SES.95S95.___
43.750000 109.250000 0.0
SES.95S96.___
43.500000 109.250000 0.0
SES.95S97.___
43.250000 109.250000 0.0
SES.95S98.___
43.000000 109.250000 0.0
SES.95S99.___
42.750000 109.250000 0.0
SES.95S100.___
42.500000 109.250000 0.0
SES.95S101.___
42.250000 109.250000 0.0
SES.96S61.___
52.250000 109.500000 0.0
SES.96S62.___
52.000000 109.500000 0.0
SES.96S63.___
51.750000 109.500000 0.0
SES.96S64.___
51.500000 109.500000 0.0
SES.96S65.___
51.250000 109.500000 0.0
SES.96S66.___
51.000000 109.500000 0.0
SES.96S98.___
43.000000 109.500000 0.0
SES.96S99.___
42.750000 109.500000 0.0
SES.96S100.___
42.500000 109.500000 0.0
SES.96S101.___
42.250000 109.500000 0.0
SES.96S102.___
42.000000 109.500000 0.0
SES.96S103.___
41.750000 109.500000 0.0
SES.97S59.___
52.750000 109.750000 0.0
SES.97S60.___
52.500000 109.750000 0.0
SES.97S61.___
52.250000 109.750000 0.0
SES.97S62.___
52.000000 109.750000 0.0
SES.97S63.___
51.750000 109.750000 0.0
SES.97S101.___
42.250000 109.750000 0.0
SES.97S102.___
42.000000 109.750000 0.0
SES.97S103.___
41.750000 109.750000 0.0
SES.97S104.___
41.500000 109.750000 0.0
SES.97S105.___
41.250000 109.750000 0.0
SES.98S57.___
53.250000 110.000000 0.0
SES.98S58.___
53.000000 110.000000 0.0
SES.98S59.___
52.750000 110.000000 0.0
SES.98S60.___
52.500000 110.000000 0.0
SES.98S61.___
52.250000 110.000000 0.0
SES.98S103.___
41.750000 110.000000 0.0
SES.98S104.___
41.500000 110.000000 0.0
SES.98S105.___
41.250000 110.000000 0.0
SES.98S106.___
41.000000 110.000000 0.0
SES.99S55.___
53.750000 110.250000 0.0
SES.99S56.___
53.500000 110.250000 0.0
SES.99S57.___
53.250000 110.250000 0.0
SES.99S58.___
53.000000 110.250000 0.0
SES.99S59.___
52.750000 110.250000 0.0
SES.99S104.___
41.500000 110.250000 0.0
SES.99S105.___
41.250000 110.250000 0.0
SES.99S106.___
41.000000 110.250000 0.0
SES.99S107.___
40.750000 110.250000 0.0
SES.99S108.___
40.500000 110.250000 0.0
SES.100S53.___
54.250000 110.500000 0.0
SES.100S54.___
54.000000 110.500000 0.0
SES.100S55.___
53.750000 110.500000 0.0
SES.100S56.___
53.500000 110.500000 0.0
SES.100S57.___
53.250000 110.500000 0.0
SES.100S106.___
41.000000 110.500000 0.0
SES.100S107.___
40.750000 110.500000 0.0
SES.100S108.___
40.500000 110.500000 0.0
SES.100S109.___
40.250000 110.500000 0.0
SES.101S52.___
54.500000 110.750000 0.0
SES.101S53.___
54.250000 110.750000 0.0
SES.101S54.___
54.000000 110.750000 0.0
SES.101S55.___
53.750000 110.750000 0.0
SES.101S107.___
40.750000 110.750000 0.0
SES.101S108.___
40.500000 110.750000 0.0
SES.101S109.___
40.250000 110.750000 0.0
SES.101S110.___
40.000000 110.750000 0.0
SES.102S50.___
55.000000 111.000000 0.0
SES.102S51.___
54.750000 111.000000 0.0
SES.102S52.___
54.500000 111.000000 0.0
SES.102S53.___
54.250000 111.000000 0.0
SES.102S109.___
40.250000 111.000000 0.0
SES.102S110.___
40.000000 111.000000 0.0
SES.102S111.___
39.750000 111.000000 0.0
SES.102S112.___
39.500000 111.000000 0.0
SES.103S49.___
55.250000 111.250000 0.0
SES.103S50.___
55.000000 111.250000 0.0
SES.103S51.___
54.750000 111.250000 0.0
SES.103S52.___
54.500000 111.250000 0.0
SES.103S110.___
40.000000 111.250000 0.0
SES.103S111.___
39.750000 111.250000 0.0
SES.103S112.___
39.500000 111.250000 0.0
SES.103S113.___
39.250000 111.250000 0.0
SES.104S47.___
55.750000 111.500000 0.0
SES.104S48.___
55.500000 111.500000 0.0
SES.104S49.___
55.250000 111.500000 0.0
SES.104S50.___
55.000000 111.500000 0.0
SES.104S111.___
39.750000 111.500000 0.0
SES.104S112.___
39.500000 111.500000 0.0
SES.104S113.___
39.250000 111.500000 0.0
SES.104S114.___
39.000000 111.500000 0.0
SES.105S46.___
56.000000 111.750000 0.0
SES.105S47.___
55.750000 111.750000 0.0
SES.105S48.___
55.500000 111.750000 0.0
SES.105S49.___
55.250000 111.750000 0.0
SES.105S112.___
39.500000 111.750000 0.0
SES.105S113.___
39.250000 111.750000 0.0
SES.105S114.___
39.000000 111.750000 0.0
SES.105S115.___
38.750000 111.750000 0.0
SES.106S45.___
56.250000 112.000000 0.0
SES.106S46.___
56.000000 112.000000 0.0
SES.106S47.___
55.750000 112.000000 0.0
SES.106S113.___
39.250000 112.000000 0.0
SES.106S114.___
39.000000 112.000000 0.0
SES.106S115.___
38.750000 112.000000 0.0
SES.107S44.___
56.500000 112.250000 0.0
SES.107S45.___
56.250000 112.250000 0.0
SES.107S46.___
56.000000 112.250000 0.0
SES.107S114.___
39.000000 112.250000 0.0
SES.107S115.___
38.750000 112.250000 0.0
SES.108S43.___
56.750000 112.500000 0.0
SES.108S44.___
56.500000 112.500000 0.0
SES.108S45.___
56.250000 112.500000 0.0
SES.108S115.___
38.750000 112.500000 0.0
SES.109S42.___
57.000000 112.750000 0.0
SES.109S43.___
56.750000 112.750000 0.0
SES.109S44.___
56.500000 112.750000 0.0
SES.110S40.___
57.500000 113.000000 0.0
SES.110S41.___
57.250000 113.000000 0.0
SES.110S42.___
57.000000 113.000000 0.0
SES.111S39.___
57.750000 113.250000 0.0
SES.111S40.___
57.500000 113.250000 0.0
SES.111S41.___
57.250000 113.250000 0.0
SES.112S38.___
58.000000 113.500000 0.0
SES.112S39.___
57.750000 113.500000 0.0
SES.112S40.___
57.500000 113.500000 0.0
SES.113S37.___
58.250000 113.750000 0.0
SES.113S38.___
58.000000 113.750000 0.0
SES.113S39.___
57.750000 113.750000 0.0
SES.114S37.___
58.250000 114.000000 0.0
SES.114S38.___
58.000000 114.000000 0.0
SES.115S36.___
58.500000 114.250000 0.0
SES.115S37.___
58.250000 114.250000 0.0
SES.116S35.___
58.750000 114.500000 0.0
SES.116S36.___
58.500000 114.500000 0.0
SES.117S34.___
59.000000 114.750000 0.0
SES.117S35.___
58.750000 114.750000 0.0
SES.118S33.___
59.250000 115.000000 0.0
SES.118S34.___
59.000000 115.000000 0.0
SES.118S35.___
58.750000 115.000000 0.0
SES.119S32.___
59.500000 115.250000 0.0
SES.119S33.___
59.250000 115.250000 0.0
SES.119S34.___
59.000000 115.250000 0.0
SES.120S32.___
59.500000 115.500000 0.0
SES.120S33.___
59.250000 115.500000 0.0
SES.121S31.___
59.750000 115.750000 0.0
SES.121S32.___
59.500000 115.750000 0.0
SES.122S30.___
60.000000 116.000000 0.0
SES.122S31.___
59.750000 116.000000 0.0
SES.123S29.___
60.250000 116.250000 0.0
SES.123S30.___
60.000000 116.250000 0.0
SES.123S31.___
59.750000 116.250000 0.0
SES.124S29.___
60.250000 116.500000 0.0
SES.124S30.___
60.000000 116.500000 0.0
SES.125S28.___
60.500000 116.750000 0.0
SES.125S29.___
60.250000 116.750000 0.0
SES.126S27.___
60.750000 117.000000 0.0
SES.126S28.___
60.500000 117.000000 0.0
SES.126S29.___
60.250000 117.000000 0.0
SES.127S27.___
60.750000 117.250000 0.0
SES.127S28.___
60.500000 117.250000 0.0
SES.128S26.___
61.000000 117.500000 0.0
SES.128S27.___
60.750000 117.500000 0.0
SES.129S26.___
61.000000 117.750000 0.0
SES.129S27.___
60.750000 117.750000 0.0
SES.130S25.___
61.250000 118.000000 0.0
SES.130S26.___
61.000000 118.000000 0.0
SES.131S24.___
61.500000 118.250000 0.0
SES.131S25.___
61.250000 118.250000 0.0
SES.131S26.___
61.000000 118.250000 0.0
SES.132S24.___
61.500000 118.500000 0.0
SES.132S25.___
61.250000 118.500000 0.0
SES.133S23.___
61.750000 118.750000 0.0
SES.133S24.___
61.500000 118.750000 0.0
SES.133S25.___
61.250000 118.750000 0.0
SES.134S23.___
61.750000 119.000000 0.0
SES.134S24.___
61.500000 119.000000 0.0
SES.135S22.___
62.000000 119.250000 0.0
SES.135S23.___
61.750000 119.250000 0.0
SES.136S22.___
62.000000 119.500000 0.0
SES.136S23.___
61.750000 119.500000 0.0
SES.137S21.___
62.250000 119.750000 0.0
SES.137S22.___
62.000000 119.750000 0.0
SES.137S23.___
61.750000 119.750000 0.0
SES.138S21.___
62.250000 120.000000 0.0
SES.138S22.___
62.000000 120.000000 0.0
SES.139S21.___
62.250000 120.250000 0.0
SES.139S22.___
62.000000 120.250000 0.0
SES.140S20.___
62.500000 120.500000 0.0
SES.140S21.___
62.250000 120.500000 0.0
SES.141S20.___
62.500000 120.750000 0.0
SES.141S21.___
62.250000 120.750000 0.0
SES.142S19.___
62.750000 121.000000 0.0
SES.142S20.___
62.500000 121.000000 0.0
SES.143S19.___
62.750000 121.250000 0.0
SES.143S20.___
62.500000 121.250000 0.0
SES.144S19.___
62.750000 121.500000 0.0
SES.144S20.___
62.500000 121.500000 0.0
SES.145S18.___
63.000000 121.750000 0.0
SES.145S19.___
62.750000 121.750000 0.0
SES.146S18.___
63.000000 122.000000 0.0
SES.146S19.___
62.750000 122.000000 0.0
SES.147S18.___
63.000000 122.250000 0.0
SES.147S19.___
62.750000 122.250000 0.0
SES.148S17.___
63.250000 122.500000 0.0
SES.148S18.___
63.000000 122.500000 0.0
SES.149S17.___
63.250000 122.750000 0.0
SES.149S18.___
63.000000 122.750000 0.0
SES.150S17.___
63.250000 123.000000 0.0
SES.150S18.___
63.000000 123.000000 0.0
SES.151S17.___
63.250000 123.250000 0.0
SES.152S16.___
63.500000 123.500000 0.0
SES.152S17.___
63.250000 123.500000 0.0
SES.153S16.___
63.500000 123.750000 0.0
SES.153S17.___
63.250000 123.750000 0.0
SES.154S16.___
63.500000 124.000000 0.0
SES.154S17.___
63.250000 124.000000 0.0
SES.155S16.___
63.500000 124.250000 0.0
SES.156S15.___
63.750000 124.500000 0.0
SES.156S16.___
63.500000 124.500000 0.0
SES.157S15.___
63.750000 124.750000 0.0
SES.157S16.___
63.500000 124.750000 0.0
SES.158S15.___
63.750000 125.000000 0.0
SES.158S16.___
63.500000 125.000000 0.0
SES.159S15.___
63.750000 125.250000 0.0
SES.159S16.___
63.500000 125.250000 0.0
SES.160S15.___
63.750000 125.500000 0.0
SES.161S14.___
64.000000 125.750000 0.0
SES.161S15.___
63.750000 125.750000 0.0
SES.162S14.___
64.000000 126.000000 0.0
SES.162S15.___
63.750000 126.000000 0.0
SES.163S14.___
64.000000 126.250000 0.0
SES.163S15.___
63.750000 126.250000 0.0
SES.164S14.___
64.000000 126.500000 0.0
SES.164S15.___
63.750000 126.500000 0.0
SES.165S14.___
64.000000 126.750000 0.0
SES.165S15.___
63.750000 126.750000 0.0
SES.166S14.___
64.000000 127.000000 0.0
SES.166S15.___
63.750000 127.000000 0.0
SES.167S14.___
64.000000 127.250000 0.0
SES.167S15.___
63.750000 127.250000 0.0
SES.168S14.___
64.000000 127.500000 0.0
SES.168S15.___
63.750000 127.500000 0.0
SES.169S14.___
64.000000 127.750000 0.0
SES.170S14.___
64.000000 128.000000 0.0
SES.171S14.___
64.000000 128.250000 0.0
SES.172S14.___
64.000000 128.500000 0.0
SES.173S14.___
64.000000 128.750000 0.0
SES.174S14.___
64.000000 129.000000 0.0
SES.175S14.___
64.000000 129.250000 0.0
SES.176S14.___
64.000000 129.500000 0.0
SES.177S14.___
64.000000 129.750000 0.0
SES.178S14.___
64.000000 130.000000 0.0
SES.179S14.___
64.000000 130.250000 0.0
SES.180S14.___
64.000000 130.500000 0.0
SES.180S15.___
63.750000 130.500000 0.0
SES.181S14.___
64.000000 130.750000 0.0
SES.181S15.___
63.750000 130.750000 0.0
SES.182S14.___
64.000000 131.000000 0.0
SES.182S15.___
63.750000 131.000000 0.0
SES.183S14.___
64.000000 131.250000 0.0
SES.183S15.___
63.750000 131.250000 0.0
SES.184S14.___
64.000000 131.500000 0.0
SES.184S15.___
63.750000 131.500000 0.0
SES.185S14.___
64.000000 131.750000 0.0
SES.185S15.___
63.750000 131.750000 0.0
SES.186S14.___
64.000000 132.000000 0.0
SES.186S15.___
63.750000 132.000000 0.0
SES.187S14.___
64.000000 132.250000 0.0
SES.187S15.___
63.750000 132.250000 0.0
