320
ADVT_.KO.___
49.566800 29.738300 -0.0
AFSR_.KO.___
50.553200 33.070700 -0.0
AGRB_.KO.___
50.424500 42.992000 -0.0
AKAS_.TU.___
53.767300 29.605200 -0.0
AKCD_.TU.___
51.704400 37.922400 -0.0
AKHS_.TU.___
51.121200 27.813800 -0.0
AKO__.TU.___
52.538500 35.446000 -0.0
ALIC_.YL.___
49.022000 33.487000 -0.0
ALIN_.YL.___
48.939000 32.879000 -0.0
ALOR_.YL.___
48.699000 32.870000 -0.0
ALT__.KO.___
50.944800 30.110300 -0.0
ALT__.TU.___
48.912000 28.740000 -0.0
ANA01.TU.___
50.186300 30.528400 -0.0
ANA02.TU.___
50.210700 30.497300 -0.0
ANA03.TU.___
50.119900 30.453400 -0.0
ANA04.TU.___
50.226700 30.510100 -0.0
ANDN_.TU.___
52.420000 36.345300 -0.0
ANTB_.KO.___
53.100200 30.653800 -0.0
ANTO_.IU.___
50.131100 32.793600 -0.0
APE__.GE.___
52.930000 25.530000 -0.0
ARMT_.KO.___
49.431700 28.866000 -0.0
ARSL_.YL.___
49.045000 35.887000 -0.0
ARTV_.TU.___
48.815100 41.928300 -0.0
ATAB_.TU.___
52.530400 38.294900 -0.0
ATI__.TU.___
49.861700 27.653300 -0.0
AUBOZ.TU.___
50.089300 30.032500 -0.0
AUKIR.TU.___
50.712800 30.530800 -0.0
AUKUT.TU.___
50.604500 30.021300 -0.0
AUMIH.TU.___
50.132100 31.483200 -0.0
AUSIV.TU.___
50.560400 31.539700 -0.0
AVNT_.TU.___
51.221600 34.852300 -0.0
AYDB_.KO.___
52.053300 27.890800 -0.0
AYDN_.TU.___
52.339200 27.879200 -0.0
AYK__.TU.___
52.585600 36.806700 -0.0
AYVA_.TU.___
50.691700 26.690300 -0.0
BAG__.TU.___
51.344600 26.851900 -0.0
BAGB_.YL.___
49.722000 36.410000 -0.0
BALA_.TU.___
50.443900 33.119800 -0.0
BALAT.TU.___
50.443900 33.119800 -0.0
BALB_.KO.___
50.360000 27.880000 -0.0
BALY_.TU.___
50.259700 27.619500 -0.0
BAYT_.KO.___
49.859000 40.393500 -0.0
BBAL_.TU.___
50.457300 33.123000 -0.0
BBD__.TU.___
52.197800 28.852800 -0.0
BCA__.KO.___
48.555000 41.622300 -0.0
BCAM_.TU.___
49.184200 32.065600 -0.0
BCK__.KO.___
52.539000 30.587700 -0.0
BDRM_.TU.___
52.934700 27.444200 -0.0
BEDI_.YL.___
48.879000 33.506000 -0.0
BEKI_.YL.___
48.685000 34.263000 -0.0
BES__.TU.___
52.299900 37.855000 -0.0
BEST_.TU.___
52.108900 41.270000 -0.0
BGK__.KO.___
48.819000 28.773000 -0.0
BGKT_.KO.___
48.819000 28.773000 -0.0
BLCB_.KO.___
51.614700 27.042000 -0.0
BLN__.TU.___
51.365100 27.821900 -0.0
BNGB_.KO.___
51.008700 40.679200 -0.0
BNGL_.TU.___
51.047900 41.149900 -0.0
BNN__.KO.___
51.147800 35.847200 -0.0
BODT_.KO.___
52.937800 27.310300 -0.0
BOKE_.YL.___
49.448000 36.211000 -0.0
BOLV_.TU.___
51.286200 30.950200 -0.0
BORA_.TU.___
50.119900 30.453400 -0.0
BOZ__.TU.___
49.466000 28.782000 -0.0
BOZC_.TU.___
50.158300 26.052800 -0.0
BSTP_.TU.___
52.049500 34.108300 -0.0
BTAS_.TU.___
49.429400 30.999900 -0.0
BUY__.TU.___
49.147700 29.118000 -0.0
BZK__.KO.___
48.040000 34.003500 -0.0
CAKM_.YL.___
49.985000 37.367000 -0.0
CALT_.YL.___
48.672000 35.125000 -0.0
CAM__.TU.___
51.251600 27.312500 -0.0
CANB_.KO.___
49.983300 27.062400 -0.0
CANT_.KO.___
49.393800 33.619700 -0.0
CAVI_.KO.___
49.798200 29.837700 -0.0
CAY__.TU.___
52.828000 35.318000 -0.0
CAYA_.YL.___
49.627000 34.269000 -0.0
CDAG_.TU.___
50.376400 34.371900 -0.0
CEYT_.KO.___
52.989300 35.747800 -0.0
CGC__.TU.___
52.253000 37.296000 -0.0
CKO__.TU.___
52.937500 35.367000 -0.0
CLDR_.KO.___
50.856000 43.917200 -0.0
CLH__.TU.___
51.984400 38.206600 -0.0
CMH__.TU.___
49.988000 27.970000 -0.0
CNG__.TU.___
51.804600 39.295400 -0.0
CORM_.KO.___
49.821500 34.630200 -0.0
CRL__.KO.___
48.871000 27.736000 -0.0
CRLT_.KO.___
48.871000 27.736000 -0.0
CRLU_.YL.___
49.936000 34.357000 -0.0
CSS__.GE.___
55.040000 33.330000 -0.0
CTKS_.KO.___
48.762700 28.507200 -0.0
CTYL_.KO.___
48.524000 28.289700 -0.0
CUKT_.KO.___
52.752700 43.607700 -0.0
CUKU_.YL.___
49.396000 33.441000 -0.0
CVD__.TU.___
52.247800 28.106600 -0.0
DAD__.TU.___
50.091900 32.753400 -0.0
DAG__.TU.___
51.996000 27.750800 -0.0
DAGI_.TU.___
48.922200 41.914200 -0.0
DALT_.KO.___
53.183800 28.653200 -0.0
DALY_.KO.___
53.183900 28.653100 -0.0
DARE_.KO.___
51.428800 37.483200 -0.0
DAT__.KO.___
53.271000 27.577800 -0.0
DBAD_.TU.___
48.981700 41.694700 -0.0
DBOC_.TU.___
48.654700 41.666600 -0.0
DDEM_.TU.___
49.107700 41.750700 -0.0
DED__.TU.___
53.038600 34.799300 -0.0
DEMI_.TU.___
50.957200 28.716200 -0.0
DERE_.YL.___
48.523000 35.064000 -0.0
DGB__.TU.___
51.947900 26.882600 -0.0
DIGO_.TU.___
49.585300 43.374200 -0.0
DIKM_.KO.___
48.350300 35.257800 -0.0
DIYA_.TU.___
52.076600 40.120800 -0.0
DNZL_.TU.___
52.310300 29.046400 -0.0
DOGL_.YL.___
49.609000 35.284000 -0.0
DRY__.TU.___
53.161400 36.249600 -0.0
DUMA_.YL.___
49.082000 35.140000 -0.0
DURS_.TU.___
50.398900 28.474200 -0.0
DUV__.TU.___
51.780000 27.449100 -0.0
DYBB_.KO.___
52.046300 40.139300 -0.0
DYDN_.TU.___
50.456400 43.688900 -0.0
EAK__.TU.___
49.313800 43.606900 -0.0
EATA_.TU.___
50.137800 42.491600 -0.0
EDC__.KO.___
49.653200 27.863300 -0.0
EDRB_.KO.___
48.153000 26.743700 -0.0
EKAR_.TU.___
50.744100 42.064000 -0.0
EKIN_.YL.___
48.853000 35.787000 -0.0
ELBA_.TU.___
48.853100 28.430700 -0.0
ELDT_.TU.___
49.510300 33.429400 -0.0
ELL__.KO.___
53.251700 29.908500 -0.0
ELZG_.TU.___
51.502200 38.984400 -0.0
ENEZ_.KO.___
49.263800 26.153000 -0.0
EPOS_.TU.___
48.496500 42.727900 -0.0
ERBA_.TU.___
49.318600 36.754700 -0.0
ERE__.TU.___
49.954700 28.891300 -0.0
EREN_.KO.___
54.470800 34.174200 -0.0
ERIK_.KO.___
49.329200 26.513200 -0.0
ERMK_.TU.___
53.358600 32.911300 -0.0
ERZN_.KO.___
50.413300 39.722000 -0.0
ESK__.TU.___
49.393100 28.945500 -0.0
ESPY_.KO.___
51.272700 40.916700 -0.0
EUZM_.TU.___
50.292700 39.697500 -0.0
EZN__.KO.___
50.173300 26.325800 -0.0
FETY_.KO.___
53.364700 29.083500 -0.0
FRT__.TU.___
51.316000 39.197600 -0.0
GADA_.KO.___
49.809200 25.898700 -0.0
GAZ__.KO.___
52.827800 37.211300 -0.0
GAZI_.TU.___
53.765300 32.315700 -0.0
GBZ__.TU.___
49.213400 29.450100 -0.0
GBZX_.KO.___
49.220000 29.450000 -0.0
GCAM_.TU.___
52.299800 27.233500 -0.0
GDZ__.TU.___
50.912500 29.481400 -0.0
GELI_.KO.___
49.602000 26.474200 -0.0
GEMT_.KO.___
49.565000 29.189000 -0.0
GER__.TU.___
51.967800 39.035000 -0.0
GEVA_.TU.___
51.687800 43.058600 -0.0
GLHS_.KO.___
52.844000 29.498300 -0.0
GOCE_.YL.___
50.257000 34.348000 -0.0
GOLH_.TU.___
52.763500 29.559100 -0.0
GONE_.KO.___
49.953300 27.686000 -0.0
GULE_.TU.___
52.716300 34.776500 -0.0
GULT_.KO.___
49.568000 30.515000 -0.0
GZY__.TU.___
53.513000 36.154000 -0.0
HAKT_.TU.___
52.442100 43.707100 -0.0
HAR__.TU.___
51.658900 28.799200 -0.0
HAS__.TU.___
53.228100 36.465000 -0.0
HASA_.YL.___
48.531000 33.565000 -0.0
HAVZ_.TU.___
48.925700 35.718000 -0.0
HCB__.TU.___
52.656200 36.908000 -0.0
HDMB_.KO.___
53.036000 32.486000 -0.0
HOMI_.TU.___
49.954800 41.905500 -0.0
HRTX_.KO.___
49.178300 29.668000 -0.0
IGD__.TU.___
49.735900 29.201500 -0.0
IKL__.KO.___
53.761300 33.685200 -0.0
ILGA_.TU.___
48.947900 33.716500 -0.0
ILIC_.KO.___
50.548000 38.567800 -0.0
IMO__.TU.___
52.707700 35.643800 -0.0
INCE_.YL.___
49.419000 32.906000 -0.0
INSU_.YL.___
50.158000 35.366000 -0.0
ISK__.KO.___
48.934300 29.059200 -0.0
ISKB_.KO.___
48.940000 29.060000 -0.0
ISKE_.YL.___
49.236000 37.067000 -0.0
ISP__.KO.___
52.177300 30.522200 -0.0
ISP__.GE.___
52.156700 30.509300 -0.0
ISPR_.TU.___
49.512700 41.008000 -0.0
IZI__.KO.___
49.663200 29.472800 -0.0
KAH__.TU.___
52.194700 38.610100 -0.0
KAMA_.TU.___
52.813900 36.667700 -0.0
KARA_.KO.___
52.739300 35.054700 -0.0
KARA_.YL.___
49.312000 35.245000 -0.0
KARG_.YL.___
49.709000 33.552000 -0.0
KARS_.KO.___
49.384800 43.093700 -0.0
KAST_.TU.___
48.509600 33.928600 -0.0
KAVA_.YL.___
49.720000 32.878000 -0.0
KCTX_.KO.___
49.737500 28.335300 -0.0
KDHN_.TU.___
51.479100 32.116400 -0.0
KDZE_.KO.___
48.686800 31.443000 -0.0
KELT_.TU.___
49.851400 39.255600 -0.0
KEMA_.TU.___
50.731200 38.493200 -0.0
KGAC_.YL.___
49.059000 34.323000 -0.0
KHAL_.TU.___
51.629700 29.491700 -0.0
KHM__.TU.___
52.476600 36.990900 -0.0
KIYI_.YL.___
49.869000 35.316000 -0.0
KIZIK.YL.___
49.952000 36.536000 -0.0
KIZK_.TU.___
53.519700 34.143700 -0.0
KKZ__.TU.___
48.873100 27.344800 -0.0
KKZM_.TU.___
48.873100 27.344800 -0.0
KLC__.TU.___
49.367000 29.398000 -0.0
KLY__.KO.___
48.747000 29.042000 -0.0
KLYT_.KO.___
48.747000 29.042000 -0.0
KMR__.TU.___
49.582000 27.069000 -0.0
KMRS_.KO.___
52.494700 36.900000 -0.0
KNL__.TU.___
49.729300 27.526100 -0.0
KONT_.KO.___
52.054700 32.360500 -0.0
KOPT_.TU.___
49.982100 40.497200 -0.0
KORT_.TU.___
52.999300 30.350300 -0.0
KOZT_.KO.___
52.519500 35.826800 -0.0
KRB__.TU.___
51.865800 28.423500 -0.0
KRBG_.KO.___
49.606800 27.297700 -0.0
KRC__.TU.___
49.737500 28.335200 -0.0
KRT__.TU.___
52.740500 36.223200 -0.0
KRTS_.KO.___
53.427000 35.375000 -0.0
KTT__.TU.___
51.311700 28.093000 -0.0
KTUT_.KO.___
49.013000 39.766700 -0.0
KULA_.KO.___
51.485500 28.660700 -0.0
KUYL_.YL.___
48.410000 34.332000 -0.0
KUZA_.YL.___
49.559000 36.248000 -0.0
KUZO_.YL.___
49.096000 32.861000 -0.0
KUZU_.TU.___
53.226500 37.075000 -0.0
KVK__.TU.___
49.400000 26.900000 -0.0
KVT__.KO.___
48.919300 36.046300 -0.0
KVTB_.KO.___
48.920000 36.040000 -0.0
LADK_.KO.___
51.800000 32.364800 -0.0
LAP__.KO.___
49.627300 26.760200 -0.0
LEF__.KO.___
54.888200 32.843300 -0.0
LFK__.KO.___
54.716800 33.533700 -0.0
LOD__.KO.___
50.110700 32.764000 -0.0
MACK_.TU.___
49.056800 39.768600 -0.0
MADM_.TU.___
49.346300 27.664700 -0.0
MALT_.KO.___
51.687000 38.427000 -0.0
MALT_.GE.___
51.686600 38.427300 -0.0
MANT_.TU.___
51.509200 28.557800 -0.0
MARD_.TU.___
52.686800 40.777600 -0.0
MAZI_.KO.___
52.540700 40.446700 -0.0
MDN__.TU.___
51.606900 39.682100 -0.0
MDNY_.KO.___
49.629200 28.884700 -0.0
MDU__.KO.___
49.534700 31.214500 -0.0
MERS_.KO.___
53.132200 34.522000 -0.0
MFTX_.KO.___
49.213300 27.281200 -0.0
MLSB_.KO.___
52.704700 27.776500 -0.0
MRMT_.KO.___
49.394200 27.583700 -0.0
MRMX_.KO.___
49.394200 27.583700 -0.0
MUS__.TU.___
51.238900 41.503900 -0.0
NAR__.TU.___
52.608100 37.157400 -0.0
NEV__.TU.___
50.046000 27.263000 -0.0
NUR__.TU.___
52.828800 36.756900 -0.0
OGUR_.YL.___
48.891000 35.165000 -0.0
OLTU_.TU.___
49.454900 41.972500 -0.0
PAL__.TU.___
51.301400 39.917600 -0.0
PALU_.TU.___
51.305700 39.929300 -0.0
PANC_.YL.___
49.353000 34.301000 -0.0
PELI_.YL.___
48.887000 34.299000 -0.0
PHSR_.KO.___
48.369200 27.523800 -0.0
PINB_.TU.___
51.323100 36.402700 -0.0
PTG__.TU.___
51.740000 38.608800 -0.0
PTK__.KO.___
51.107700 39.392300 -0.0
PZAR_.KO.___
49.101200 41.178000 -0.0
REY__.TU.___
53.740300 36.598800 -0.0
RKY__.KO.___
49.312500 27.177700 -0.0
RSDY_.KO.___
49.602800 37.327300 -0.0
SARI_.KO.___
51.592800 36.418200 -0.0
SART_.TU.___
49.311100 27.180000 -0.0
SCER_.TU.___
50.138700 37.128600 -0.0
SDU__.TU.___
52.523500 30.999600 -0.0
SEMD_.KO.___
52.652700 44.520900 -0.0
SEYH_.YL.___
49.144000 32.900000 -0.0
SHUT_.KO.___
51.447000 30.551000 -0.0
SIL__.KO.___
48.847000 29.643000 -0.0
SILT_.KO.___
48.847000 29.643000 -0.0
SIRN_.TU.___
52.503800 42.413000 -0.0
SIRT_.KO.___
52.499000 42.439200 -0.0
SLV__.TU.___
48.926900 28.140300 -0.0
SLV__.KO.___
48.770000 28.210000 -0.0
SLVT_.KO.___
48.770000 28.210000 -0.0
SPNC_.KO.___
49.314000 30.308300 -0.0
SUL__.TU.___
51.946400 28.767600 -0.0
SULT_.KO.___
51.801200 33.515700 -0.0
SUSE_.TU.___
49.791400 38.202500 -0.0
SUTC_.KO.___
52.523500 30.999700 -0.0
SVAN_.KO.___
51.848800 41.198500 -0.0
SVRC_.KO.___
51.622500 39.306000 -0.0
SVRH_.KO.___
50.553000 31.523200 -0.0
SVSK_.KO.___
50.082500 36.992500 -0.0
SYUN_.YL.___
49.162000 33.529000 -0.0
TAHT_.KO.___
53.633000 36.186000 -0.0
TATV_.TU.___
51.420000 42.267200 -0.0
TEPE_.YL.___
48.631000 35.743000 -0.0
TKR__.KO.___
49.009800 27.535700 -0.0
TKTP_.TU.___
51.960000 30.320000 -0.0
TOKA_.TU.___
49.676800 36.478300 -0.0
TRNX_.KO.___
49.500000 27.270000 -0.0
TURN_.TU.___
53.224700 28.244400 -0.0
TUTA_.TU.___
50.598100 42.813700 -0.0
TVAN_.TU.___
51.475900 43.403700 -0.0
TVSB_.KO.___
50.550300 29.461500 -0.0
URFA_.KO.___
52.559000 38.821300 -0.0
URLA_.TU.___
51.639800 26.595600 -0.0
UZP__.TU.___
51.968700 29.174600 -0.0
VANB_.KO.___
51.405000 43.388800 -0.0
VRTB_.KO.___
50.839700 41.456000 -0.0
YAK__.TU.___
51.485000 27.323500 -0.0
YAYL_.TU.___
53.965700 36.107000 -0.0
YEN__.TU.___
51.594200 27.948700 -0.0
YER__.KO.___
52.863800 28.285800 -0.0
YESI_.YL.___
49.595000 37.229000 -0.0
YIKI_.YL.___
49.252000 35.954000 -0.0
YLVX_.KO.___
49.433300 29.372800 -0.0
YNC__.TU.___
52.186100 28.572600 -0.0
YNK__.TU.___
49.174200 27.396700 -0.0
YURE_.TU.___
53.174100 35.632400 -0.0
ZEY__.TU.___
51.761100 26.503300 -0.0
