2
80
5871.0
5876.0
5881.0
5886.0
5891.0
5896.0
5901.0
5906.0
5911.0
5916.0
5921.0
5926.0
5931.0
5936.0
5941.0
5946.0
5951.0
5956.0
5961.0
5966.0
5971.0
5976.0
5981.0
5986.0
5991.0
5996.0
6001.0
6006.0
6011.0
6016.0
6021.0
6026.0
6031.0
6036.0
6041.0
6046.0
6051.0
6056.0
6061.0
6066.0
6071.0
6076.0
6081.0
6086.0
6091.0
6096.0
6101.0
6106.0
6111.0
6116.0
6121.0
6126.0
6131.0
6136.0
6141.0
6146.0
6151.0
6156.0
6161.0
6166.0
6171.0
6176.0
6181.0
6186.0
6191.0
6196.0
6201.0
6206.0
6211.0
6216.0
6221.0
6226.0
6231.0
6236.0
6241.0
6246.0
6251.0
6256.0
6261.0
6266.0
22
6266.0
6271.0
6276.0
6281.0
6286.0
6291.0
6296.0
6301.0
6306.0
6311.0
6316.0
6321.0
6326.0
6331.0
6336.0
6341.0
6346.0
6351.0
6356.0
6361.0
6366.0
6371.0
