BJT BHZ00 1102.354000 266.912700 116.167900 40.018300 22.1753 3.3044
BJT LHZ00 1102.354000 266.912700 116.167900 40.018300 21.9549 3.30007
MDJ BHZ10 372.130800 5.932909 129.591900 44.616400 15.937200 2.90576
MDJ LHZ00 372.130800 5.932909 129.591900 44.616400 16.070490 2.90938
MDJ LHZ10 372.130800 5.932909 129.591900 44.616400 15.843440 2.9032
ENH BHZ00 2145.945000 241.515700 109.486800 30.271800 12.1008 3.21199
ENH LHZ00 2145.945000 241.515700 109.486800 30.271800 11.987800 3.20792
ERM BHZ00 1171.846000 81.396030 143.157100 42.014970 23.233 3.33973
ERM LHZ00 1171.846000 81.396030 143.157100 42.014970 23.0883 3.33701
HIA BHZ00 1150.095000 323.600000 119.741700 49.266700 19.8316 3.2664
HIA LHZ00 1150.095000 323.600000 119.741700 49.266700 19.5879 3.26103
CHTO BHZ00 3794.507000 238.058700 98.943810 18.813810 9.191581 3.25334
CHTO LHZ00 3794.507000 238.058700 98.943810 18.813810 9.062421 3.2472
INCN BHZ00 472.857700 207.583300 126.633300 37.483300 15.726430 2.95468
INCN BHZ10 472.857700 207.583300 126.633300 37.483300 15.476250 2.94772
INCN LHZ00 472.857700 207.583300 126.633300 37.483300 15.5825 2.95069
INCN LHZ10 472.857700 207.583300 126.633300 37.483300 15.304580 2.94288
MAJO BHZ00 947.897600 120.794400 138.207000 36.542670 18.3046 3.18427
MAJO LHZ00 947.897600 120.794400 138.207000 36.542670 17.9592 3.17599
TATO BHZ00 1941.615000 203.646300 121.488100 24.975400 10.794490 3.13566
TATO BHZ10 1941.615000 203.646300 121.488100 24.975400 22.929200 3.46285
TATO LHZ00 1941.615000 203.646300 121.488100 24.975400 10.492220 3.12333
TATO LHZ10 1941.615000 203.646300 121.488100 24.975400 22.411180 3.45292
YSS BHZ00 1258.402000 55.410000 142.755000 46.953890 14.4961 3.15261
YSS LHZ00 1258.402000 55.410000 142.755000 46.953890 14.2347 3.14471
KS31 BHZ 439.527000 194.264900 127.884500 37.442090 18.240200 3.00231
INU BHZ 954.597200 131.106000 137.017400 35.348800 54.048950 3.65618
INU LHZ 954.597200 131.106000 137.017400 35.348800 13.1224 3.04142
TJN BHZ 565.504000 196.080300 127.363800 36.377190 14.976790 2.97482
TJN LHZ 565.504000 196.080300 127.363800 36.377190 14.7232 2.9674
TSK BHZ 1108.737000 116.974600 140.109700 36.210800 47.0558 3.63254
SSE BHZ00 1335.050000 214.629100 121.186700 31.095560 11.4788 3.06594
SSE BHZ10 1335.050000 214.629100 121.186700 31.095560 12.188 3.09197
SSE LHZ00 1335.050000 214.629100 121.186700 31.095560 11.3355 3.06048
SSE LHZ10 1335.050000 214.629100 121.186700 31.095560 12.1753 3.09152
MJB9B HHZ 947.462600 120.787400 138.203900 36.545830 68.0583 3.75447
LSA BHZ00 3641.719000 261.558300 91.150000 29.700000 10.4506 3.29704
LSA BHZ10 3641.719000 261.558300 91.150000 29.700000 10.6975 3.30718
LSA LHZ00 3641.719000 261.558300 91.150000 29.700000 10.2882 3.29023
LSA LHZ10 3641.719000 261.558300 91.150000 29.700000 10.7001 3.30728
MA2 LHZ00 2526.229000 29.077210 150.767800 59.575300 8.97101 3.12668
MA2 BHZ00 2526.229000 29.077210 150.767800 59.575300 9.12674 3.13416
PET BHZ00 2565.986000 49.415150 158.653100 53.023890 10.217780 3.18747
PET LHZ00 2565.986000 49.415150 158.653100 53.023890 10.003160 3.17825
YAK LHZ00 2308.437000 0.762131 129.681100 62.031110 8.60787 3.08404
YAK BHZ00 2308.437000 0.762131 129.681100 62.031110 8.77252 3.09227
