322
SES.121S71.___
49.750000 115.750000 0.0
SES.121S72.___
49.500000 115.750000 0.0
SES.121S73.___
49.250000 115.750000 0.0
SES.121S74.___
49.000000 115.750000 0.0
SES.121S75.___
48.750000 115.750000 0.0
SES.121S76.___
48.500000 115.750000 0.0
SES.121S77.___
48.250000 115.750000 0.0
SES.121S78.___
48.000000 115.750000 0.0
SES.121S79.___
47.750000 115.750000 0.0
SES.121S80.___
47.500000 115.750000 0.0
SES.121S81.___
47.250000 115.750000 0.0
SES.121S82.___
47.000000 115.750000 0.0
SES.121S83.___
46.750000 115.750000 0.0
SES.121S84.___
46.500000 115.750000 0.0
SES.121S85.___
46.250000 115.750000 0.0
SES.122S68.___
50.500000 116.000000 0.0
SES.122S69.___
50.250000 116.000000 0.0
SES.122S70.___
50.000000 116.000000 0.0
SES.122S71.___
49.750000 116.000000 0.0
SES.122S72.___
49.500000 116.000000 0.0
SES.122S73.___
49.250000 116.000000 0.0
SES.122S74.___
49.000000 116.000000 0.0
SES.122S75.___
48.750000 116.000000 0.0
SES.122S76.___
48.500000 116.000000 0.0
SES.122S77.___
48.250000 116.000000 0.0
SES.122S78.___
48.000000 116.000000 0.0
SES.122S79.___
47.750000 116.000000 0.0
SES.122S80.___
47.500000 116.000000 0.0
SES.122S81.___
47.250000 116.000000 0.0
SES.122S82.___
47.000000 116.000000 0.0
SES.122S83.___
46.750000 116.000000 0.0
SES.122S84.___
46.500000 116.000000 0.0
SES.122S85.___
46.250000 116.000000 0.0
SES.122S86.___
46.000000 116.000000 0.0
SES.122S87.___
45.750000 116.000000 0.0
SES.122S88.___
45.500000 116.000000 0.0
SES.122S89.___
45.250000 116.000000 0.0
SES.123S65.___
51.250000 116.250000 0.0
SES.123S66.___
51.000000 116.250000 0.0
SES.123S67.___
50.750000 116.250000 0.0
SES.123S68.___
50.500000 116.250000 0.0
SES.123S69.___
50.250000 116.250000 0.0
SES.123S70.___
50.000000 116.250000 0.0
SES.123S71.___
49.750000 116.250000 0.0
SES.123S72.___
49.500000 116.250000 0.0
SES.123S84.___
46.500000 116.250000 0.0
SES.123S85.___
46.250000 116.250000 0.0
SES.123S86.___
46.000000 116.250000 0.0
SES.123S87.___
45.750000 116.250000 0.0
SES.123S88.___
45.500000 116.250000 0.0
SES.123S89.___
45.250000 116.250000 0.0
SES.123S90.___
45.000000 116.250000 0.0
SES.123S91.___
44.750000 116.250000 0.0
SES.124S63.___
51.750000 116.500000 0.0
SES.124S64.___
51.500000 116.500000 0.0
SES.124S65.___
51.250000 116.500000 0.0
SES.124S66.___
51.000000 116.500000 0.0
SES.124S67.___
50.750000 116.500000 0.0
SES.124S68.___
50.500000 116.500000 0.0
SES.124S88.___
45.500000 116.500000 0.0
SES.124S89.___
45.250000 116.500000 0.0
SES.124S90.___
45.000000 116.500000 0.0
SES.124S91.___
44.750000 116.500000 0.0
SES.124S92.___
44.500000 116.500000 0.0
SES.124S93.___
44.250000 116.500000 0.0
SES.125S61.___
52.250000 116.750000 0.0
SES.125S62.___
52.000000 116.750000 0.0
SES.125S63.___
51.750000 116.750000 0.0
SES.125S64.___
51.500000 116.750000 0.0
SES.125S65.___
51.250000 116.750000 0.0
SES.125S90.___
45.000000 116.750000 0.0
SES.125S91.___
44.750000 116.750000 0.0
SES.125S92.___
44.500000 116.750000 0.0
SES.125S93.___
44.250000 116.750000 0.0
SES.125S94.___
44.000000 116.750000 0.0
SES.126S60.___
52.500000 117.000000 0.0
SES.126S61.___
52.250000 117.000000 0.0
SES.126S62.___
52.000000 117.000000 0.0
SES.126S63.___
51.750000 117.000000 0.0
SES.126S92.___
44.500000 117.000000 0.0
SES.126S93.___
44.250000 117.000000 0.0
SES.126S94.___
44.000000 117.000000 0.0
SES.126S95.___
43.750000 117.000000 0.0
SES.126S96.___
43.500000 117.000000 0.0
SES.127S58.___
53.000000 117.250000 0.0
SES.127S59.___
52.750000 117.250000 0.0
SES.127S60.___
52.500000 117.250000 0.0
SES.127S61.___
52.250000 117.250000 0.0
SES.127S94.___
44.000000 117.250000 0.0
SES.127S95.___
43.750000 117.250000 0.0
SES.127S96.___
43.500000 117.250000 0.0
SES.127S97.___
43.250000 117.250000 0.0
SES.128S57.___
53.250000 117.500000 0.0
SES.128S58.___
53.000000 117.500000 0.0
SES.128S59.___
52.750000 117.500000 0.0
SES.128S60.___
52.500000 117.500000 0.0
SES.128S96.___
43.500000 117.500000 0.0
SES.128S97.___
43.250000 117.500000 0.0
SES.128S98.___
43.000000 117.500000 0.0
SES.129S56.___
53.500000 117.750000 0.0
SES.129S57.___
53.250000 117.750000 0.0
SES.129S58.___
53.000000 117.750000 0.0
SES.129S97.___
43.250000 117.750000 0.0
SES.129S98.___
43.000000 117.750000 0.0
SES.129S99.___
42.750000 117.750000 0.0
SES.130S54.___
54.000000 118.000000 0.0
SES.130S55.___
53.750000 118.000000 0.0
SES.130S56.___
53.500000 118.000000 0.0
SES.130S57.___
53.250000 118.000000 0.0
SES.130S98.___
43.000000 118.000000 0.0
SES.130S99.___
42.750000 118.000000 0.0
SES.130S100.___
42.500000 118.000000 0.0
SES.131S53.___
54.250000 118.250000 0.0
SES.131S54.___
54.000000 118.250000 0.0
SES.131S55.___
53.750000 118.250000 0.0
SES.131S99.___
42.750000 118.250000 0.0
SES.131S100.___
42.500000 118.250000 0.0
SES.131S101.___
42.250000 118.250000 0.0
SES.132S52.___
54.500000 118.500000 0.0
SES.132S53.___
54.250000 118.500000 0.0
SES.132S54.___
54.000000 118.500000 0.0
SES.132S100.___
42.500000 118.500000 0.0
SES.132S101.___
42.250000 118.500000 0.0
SES.132S102.___
42.000000 118.500000 0.0
SES.133S51.___
54.750000 118.750000 0.0
SES.133S52.___
54.500000 118.750000 0.0
SES.133S53.___
54.250000 118.750000 0.0
SES.133S101.___
42.250000 118.750000 0.0
SES.133S102.___
42.000000 118.750000 0.0
SES.133S103.___
41.750000 118.750000 0.0
SES.134S50.___
55.000000 119.000000 0.0
SES.134S51.___
54.750000 119.000000 0.0
SES.134S52.___
54.500000 119.000000 0.0
SES.134S102.___
42.000000 119.000000 0.0
SES.134S103.___
41.750000 119.000000 0.0
SES.134S104.___
41.500000 119.000000 0.0
SES.135S49.___
55.250000 119.250000 0.0
SES.135S50.___
55.000000 119.250000 0.0
SES.135S51.___
54.750000 119.250000 0.0
SES.135S103.___
41.750000 119.250000 0.0
SES.135S104.___
41.500000 119.250000 0.0
SES.136S49.___
55.250000 119.500000 0.0
SES.136S50.___
55.000000 119.500000 0.0
SES.136S103.___
41.750000 119.500000 0.0
SES.136S104.___
41.500000 119.500000 0.0
SES.136S105.___
41.250000 119.500000 0.0
SES.137S48.___
55.500000 119.750000 0.0
SES.137S49.___
55.250000 119.750000 0.0
SES.137S104.___
41.500000 119.750000 0.0
SES.137S105.___
41.250000 119.750000 0.0
SES.137S106.___
41.000000 119.750000 0.0
SES.138S47.___
55.750000 120.000000 0.0
SES.138S48.___
55.500000 120.000000 0.0
SES.138S105.___
41.250000 120.000000 0.0
SES.138S106.___
41.000000 120.000000 0.0
SES.139S46.___
56.000000 120.250000 0.0
SES.139S47.___
55.750000 120.250000 0.0
SES.139S48.___
55.500000 120.250000 0.0
SES.139S105.___
41.250000 120.250000 0.0
SES.139S106.___
41.000000 120.250000 0.0
SES.139S107.___
40.750000 120.250000 0.0
SES.140S45.___
56.250000 120.500000 0.0
SES.140S46.___
56.000000 120.500000 0.0
SES.140S47.___
55.750000 120.500000 0.0
SES.140S106.___
41.000000 120.500000 0.0
SES.140S107.___
40.750000 120.500000 0.0
SES.141S45.___
56.250000 120.750000 0.0
SES.141S46.___
56.000000 120.750000 0.0
SES.141S107.___
40.750000 120.750000 0.0
SES.141S108.___
40.500000 120.750000 0.0
SES.142S44.___
56.500000 121.000000 0.0
SES.142S45.___
56.250000 121.000000 0.0
SES.142S107.___
40.750000 121.000000 0.0
SES.142S108.___
40.500000 121.000000 0.0
SES.143S44.___
56.500000 121.250000 0.0
SES.143S45.___
56.250000 121.250000 0.0
SES.143S108.___
40.500000 121.250000 0.0
SES.143S109.___
40.250000 121.250000 0.0
SES.144S43.___
56.750000 121.500000 0.0
SES.144S44.___
56.500000 121.500000 0.0
SES.144S108.___
40.500000 121.500000 0.0
SES.144S109.___
40.250000 121.500000 0.0
SES.145S42.___
57.000000 121.750000 0.0
SES.145S43.___
56.750000 121.750000 0.0
SES.145S44.___
56.500000 121.750000 0.0
SES.145S109.___
40.250000 121.750000 0.0
SES.145S110.___
40.000000 121.750000 0.0
SES.146S42.___
57.000000 122.000000 0.0
SES.146S43.___
56.750000 122.000000 0.0
SES.146S109.___
40.250000 122.000000 0.0
SES.146S110.___
40.000000 122.000000 0.0
SES.147S41.___
57.250000 122.250000 0.0
SES.147S42.___
57.000000 122.250000 0.0
SES.147S43.___
56.750000 122.250000 0.0
SES.147S109.___
40.250000 122.250000 0.0
SES.147S110.___
40.000000 122.250000 0.0
SES.147S111.___
39.750000 122.250000 0.0
SES.148S41.___
57.250000 122.500000 0.0
SES.148S42.___
57.000000 122.500000 0.0
SES.148S110.___
40.000000 122.500000 0.0
SES.148S111.___
39.750000 122.500000 0.0
SES.149S40.___
57.500000 122.750000 0.0
SES.149S41.___
57.250000 122.750000 0.0
SES.149S42.___
57.000000 122.750000 0.0
SES.149S110.___
40.000000 122.750000 0.0
SES.149S111.___
39.750000 122.750000 0.0
SES.150S40.___
57.500000 123.000000 0.0
SES.150S41.___
57.250000 123.000000 0.0
SES.150S111.___
39.750000 123.000000 0.0
SES.150S112.___
39.500000 123.000000 0.0
SES.151S40.___
57.500000 123.250000 0.0
SES.151S41.___
57.250000 123.250000 0.0
SES.151S111.___
39.750000 123.250000 0.0
SES.151S112.___
39.500000 123.250000 0.0
SES.152S39.___
57.750000 123.500000 0.0
SES.152S40.___
57.500000 123.500000 0.0
SES.152S111.___
39.750000 123.500000 0.0
SES.152S112.___
39.500000 123.500000 0.0
SES.153S39.___
57.750000 123.750000 0.0
SES.153S40.___
57.500000 123.750000 0.0
SES.153S112.___
39.500000 123.750000 0.0
SES.153S113.___
39.250000 123.750000 0.0
SES.154S38.___
58.000000 124.000000 0.0
SES.154S39.___
57.750000 124.000000 0.0
SES.154S112.___
39.500000 124.000000 0.0
SES.154S113.___
39.250000 124.000000 0.0
SES.155S38.___
58.000000 124.250000 0.0
SES.155S39.___
57.750000 124.250000 0.0
SES.155S112.___
39.500000 124.250000 0.0
SES.155S113.___
39.250000 124.250000 0.0
SES.156S38.___
58.000000 124.500000 0.0
SES.156S39.___
57.750000 124.500000 0.0
SES.156S112.___
39.500000 124.500000 0.0
SES.156S113.___
39.250000 124.500000 0.0
SES.157S38.___
58.000000 124.750000 0.0
SES.157S113.___
39.250000 124.750000 0.0
SES.158S37.___
58.250000 125.000000 0.0
SES.158S38.___
58.000000 125.000000 0.0
SES.158S113.___
39.250000 125.000000 0.0
SES.158S114.___
39.000000 125.000000 0.0
SES.159S37.___
58.250000 125.250000 0.0
SES.159S38.___
58.000000 125.250000 0.0
SES.159S113.___
39.250000 125.250000 0.0
SES.159S114.___
39.000000 125.250000 0.0
SES.160S37.___
58.250000 125.500000 0.0
SES.160S38.___
58.000000 125.500000 0.0
SES.160S113.___
39.250000 125.500000 0.0
SES.160S114.___
39.000000 125.500000 0.0
SES.161S37.___
58.250000 125.750000 0.0
SES.161S113.___
39.250000 125.750000 0.0
SES.161S114.___
39.000000 125.750000 0.0
SES.162S36.___
58.500000 126.000000 0.0
SES.162S37.___
58.250000 126.000000 0.0
SES.162S114.___
39.000000 126.000000 0.0
SES.163S36.___
58.500000 126.250000 0.0
SES.163S37.___
58.250000 126.250000 0.0
SES.163S114.___
39.000000 126.250000 0.0
SES.164S36.___
58.500000 126.500000 0.0
SES.164S37.___
58.250000 126.500000 0.0
SES.164S114.___
39.000000 126.500000 0.0
SES.164S115.___
38.750000 126.500000 0.0
SES.165S36.___
58.500000 126.750000 0.0
SES.165S37.___
58.250000 126.750000 0.0
SES.165S114.___
39.000000 126.750000 0.0
SES.165S115.___
38.750000 126.750000 0.0
SES.166S36.___
58.500000 127.000000 0.0
SES.166S37.___
58.250000 127.000000 0.0
SES.166S114.___
39.000000 127.000000 0.0
SES.166S115.___
38.750000 127.000000 0.0
SES.167S36.___
58.500000 127.250000 0.0
SES.167S114.___
39.000000 127.250000 0.0
SES.167S115.___
38.750000 127.250000 0.0
SES.168S35.___
58.750000 127.500000 0.0
SES.168S36.___
58.500000 127.500000 0.0
SES.168S114.___
39.000000 127.500000 0.0
SES.168S115.___
38.750000 127.500000 0.0
SES.169S35.___
58.750000 127.750000 0.0
SES.169S36.___
58.500000 127.750000 0.0
SES.169S114.___
39.000000 127.750000 0.0
SES.169S115.___
38.750000 127.750000 0.0
SES.170S35.___
58.750000 128.000000 0.0
SES.170S36.___
58.500000 128.000000 0.0
SES.170S114.___
39.000000 128.000000 0.0
SES.170S115.___
38.750000 128.000000 0.0
SES.171S35.___
58.750000 128.250000 0.0
SES.171S36.___
58.500000 128.250000 0.0
SES.171S114.___
39.000000 128.250000 0.0
SES.171S115.___
38.750000 128.250000 0.0
SES.172S35.___
58.750000 128.500000 0.0
SES.172S36.___
58.500000 128.500000 0.0
SES.172S114.___
39.000000 128.500000 0.0
SES.172S115.___
38.750000 128.500000 0.0
SES.173S35.___
58.750000 128.750000 0.0
SES.173S36.___
58.500000 128.750000 0.0
SES.173S114.___
39.000000 128.750000 0.0
SES.173S115.___
38.750000 128.750000 0.0
SES.174S35.___
58.750000 129.000000 0.0
SES.174S36.___
58.500000 129.000000 0.0
SES.175S35.___
58.750000 129.250000 0.0
SES.175S36.___
58.500000 129.250000 0.0
SES.176S35.___
58.750000 129.500000 0.0
SES.176S36.___
58.500000 129.500000 0.0
SES.177S35.___
58.750000 129.750000 0.0
SES.177S36.___
58.500000 129.750000 0.0
SES.178S35.___
58.750000 130.000000 0.0
SES.178S36.___
58.500000 130.000000 0.0
SES.179S35.___
58.750000 130.250000 0.0
SES.179S36.___
58.500000 130.250000 0.0
SES.180S35.___
58.750000 130.500000 0.0
SES.180S36.___
58.500000 130.500000 0.0
SES.181S36.___
58.500000 130.750000 0.0
SES.182S36.___
58.500000 131.000000 0.0
SES.182S37.___
58.250000 131.000000 0.0
SES.183S36.___
58.500000 131.250000 0.0
SES.183S37.___
58.250000 131.250000 0.0
SES.184S36.___
58.500000 131.500000 0.0
SES.184S37.___
58.250000 131.500000 0.0
SES.185S36.___
58.500000 131.750000 0.0
SES.185S37.___
58.250000 131.750000 0.0
SES.186S36.___
58.500000 132.000000 0.0
SES.186S37.___
58.250000 132.000000 0.0
SES.187S37.___
58.250000 132.250000 0.0
