1102.354000 266.912700 116.167900 40.018300 39.5234 3.43302
1102.354000 266.912700 116.167900 40.018300 38.4528 3.42109
372.130800 5.932909 129.591900 44.616400 35.4035 3.07948
372.130800 5.932909 129.591900 44.616400 34.828 3.07236
372.130800 5.932909 129.591900 44.616400 34.3242 3.06603
2145.945000 241.515700 109.486800 30.271800 24.005620 3.45932
2145.945000 241.515700 109.486800 30.271800 23.765720 3.45495
1171.846000 81.396030 143.157100 42.014970 25.536710 3.26323
1171.846000 81.396030 143.157100 42.014970 25.489170 3.26242
1150.095000 323.600000 119.741700 49.266700 28.5895 3.3062
1150.095000 323.600000 119.741700 49.266700 28.2715 3.30134
 3794.507000 238.058700 98.943810 18.813810 13.619840 3.48797
 3794.507000 238.058700 98.943810 18.813810 12.981920 3.46714
 472.857700 207.583300 126.633300 37.483300 32.588000 3.10516
 472.857700 207.583300 126.633300 37.483300 32.964650 3.11015
 472.857700 207.583300 126.633300 37.483300 31.119540 3.08514
 472.857700 207.583300 126.633300 37.483300 31.531890 3.09085
 947.897600 120.794400 138.207000 36.542670 26.4683 3.21136
 947.897600 120.794400 138.207000 36.542670 25.240710 3.19074
 1941.615000 203.646300 121.488100 24.975400 28.8477 3.49824
 1941.615000 203.646300 121.488100 24.975400 28.0905 3.48669
 1941.615000 203.646300 121.488100 24.975400 28.4255 3.49183
 1941.615000 203.646300 121.488100 24.975400 28.0026 3.48532
1258.402000 55.410000 142.755000 46.953890 21.027180 3.20259
1258.402000 55.410000 142.755000 46.953890 20.703570 3.19585
 439.527000 194.264900 127.884500 37.442090 25.2619 2.97549
954.597200 131.106000 137.017400 35.348800 91.6016 3.75269
954.597200 131.106000 137.017400 35.348800 8.756731 2.73314
565.504000 196.080300 127.363800 36.377190 25.772690 3.05102
565.504000 196.080300 127.363800 36.377190 25.587940 3.04789
1108.737000 116.974600 140.109700 36.210800 16.8584 3.06481
 1335.050000 214.629100 121.186700 31.095560 11.009350 2.94152
 1335.050000 214.629100 121.186700 31.095560 10.929590 2.93836
 1335.050000 214.629100 121.186700 31.095560 10.7525 2.93126
 1335.050000 214.629100 121.186700 31.095560 10.9251 2.93818
 947.462600 120.787400 138.203900 36.545830 100.022 3.78858
 3641.719000 261.558300 91.150000 29.700000 3.929162 2.92555
 3641.719000 261.558300 91.150000 29.700000 3.967503 2.92977
 3641.719000 261.558300 91.150000 29.700000 3.773020 2.90794
 3641.719000 261.558300 91.150000 29.700000 3.899694 2.92228
 2526.229000 29.077210 150.767800 59.575300 9.42745 3.12453
 2526.229000 29.077210 150.767800 59.575300 9.59997 3.1324
 2565.986000 49.415150 158.653100 53.023890 15.2236 3.33965
 2565.986000 49.415150 158.653100 53.023890 14.670190 3.32356
 2308.437000 0.762131 129.681100 62.031110 7.520919 2.98664
 2308.437000 0.762131 129.681100 62.031110 7.592983 2.99078
