184
SES.10S108.___
40.500000 88.000000 0.0
SES.10S109.___
40.250000 88.000000 0.0
SES.11S108.___
40.500000 88.250000 0.0
SES.11S109.___
40.250000 88.250000 0.0
SES.12S108.___
40.500000 88.500000 0.0
SES.12S109.___
40.250000 88.500000 0.0
SES.13S108.___
40.500000 88.750000 0.0
SES.13S109.___
40.250000 88.750000 0.0
SES.14S108.___
40.500000 89.000000 0.0
SES.14S109.___
40.250000 89.000000 0.0
SES.15S108.___
40.500000 89.250000 0.0
SES.15S109.___
40.250000 89.250000 0.0
SES.16S108.___
40.500000 89.500000 0.0
SES.16S109.___
40.250000 89.500000 0.0
SES.17S108.___
40.500000 89.750000 0.0
SES.17S109.___
40.250000 89.750000 0.0
SES.18S108.___
40.500000 90.000000 0.0
SES.18S109.___
40.250000 90.000000 0.0
SES.19S108.___
40.500000 90.250000 0.0
SES.19S109.___
40.250000 90.250000 0.0
SES.20S108.___
40.500000 90.500000 0.0
SES.20S109.___
40.250000 90.500000 0.0
SES.21S108.___
40.500000 90.750000 0.0
SES.21S109.___
40.250000 90.750000 0.0
SES.22S108.___
40.500000 91.000000 0.0
SES.22S109.___
40.250000 91.000000 0.0
SES.23S108.___
40.500000 91.250000 0.0
SES.23S109.___
40.250000 91.250000 0.0
SES.24S108.___
40.500000 91.500000 0.0
SES.24S109.___
40.250000 91.500000 0.0
SES.25S108.___
40.500000 91.750000 0.0
SES.25S109.___
40.250000 91.750000 0.0
SES.26S108.___
40.500000 92.000000 0.0
SES.26S109.___
40.250000 92.000000 0.0
SES.27S108.___
40.500000 92.250000 0.0
SES.27S109.___
40.250000 92.250000 0.0
SES.28S108.___
40.500000 92.500000 0.0
SES.28S109.___
40.250000 92.500000 0.0
SES.29S108.___
40.500000 92.750000 0.0
SES.29S109.___
40.250000 92.750000 0.0
SES.30S108.___
40.500000 93.000000 0.0
SES.30S109.___
40.250000 93.000000 0.0
SES.31S108.___
40.500000 93.250000 0.0
SES.31S109.___
40.250000 93.250000 0.0
SES.32S108.___
40.500000 93.500000 0.0
SES.33S108.___
40.500000 93.750000 0.0
SES.34S108.___
40.500000 94.000000 0.0
SES.35S108.___
40.500000 94.250000 0.0
SES.36S107.___
40.750000 94.500000 0.0
SES.36S108.___
40.500000 94.500000 0.0
SES.37S107.___
40.750000 94.750000 0.0
SES.37S108.___
40.500000 94.750000 0.0
SES.38S107.___
40.750000 95.000000 0.0
SES.38S108.___
40.500000 95.000000 0.0
SES.39S107.___
40.750000 95.250000 0.0
SES.39S108.___
40.500000 95.250000 0.0
SES.40S107.___
40.750000 95.500000 0.0
SES.40S108.___
40.500000 95.500000 0.0
SES.41S107.___
40.750000 95.750000 0.0
SES.41S108.___
40.500000 95.750000 0.0
SES.42S107.___
40.750000 96.000000 0.0
SES.42S108.___
40.500000 96.000000 0.0
SES.43S107.___
40.750000 96.250000 0.0
SES.43S108.___
40.500000 96.250000 0.0
SES.44S107.___
40.750000 96.500000 0.0
SES.44S108.___
40.500000 96.500000 0.0
SES.45S107.___
40.750000 96.750000 0.0
SES.45S108.___
40.500000 96.750000 0.0
SES.46S107.___
40.750000 97.000000 0.0
SES.47S107.___
40.750000 97.250000 0.0
SES.48S107.___
40.750000 97.500000 0.0
SES.49S107.___
40.750000 97.750000 0.0
SES.50S106.___
41.000000 98.000000 0.0
SES.50S107.___
40.750000 98.000000 0.0
SES.51S106.___
41.000000 98.250000 0.0
SES.51S107.___
40.750000 98.250000 0.0
SES.52S106.___
41.000000 98.500000 0.0
SES.52S107.___
40.750000 98.500000 0.0
SES.53S106.___
41.000000 98.750000 0.0
SES.53S107.___
40.750000 98.750000 0.0
SES.54S106.___
41.000000 99.000000 0.0
SES.54S107.___
40.750000 99.000000 0.0
SES.55S106.___
41.000000 99.250000 0.0
SES.55S107.___
40.750000 99.250000 0.0
SES.56S106.___
41.000000 99.500000 0.0
SES.57S106.___
41.000000 99.750000 0.0
SES.58S106.___
41.000000 100.000000 0.0
SES.59S106.___
41.000000 100.250000 0.0
SES.60S105.___
41.250000 100.500000 0.0
SES.60S106.___
41.000000 100.500000 0.0
SES.61S105.___
41.250000 100.750000 0.0
SES.61S106.___
41.000000 100.750000 0.0
SES.62S105.___
41.250000 101.000000 0.0
SES.62S106.___
41.000000 101.000000 0.0
SES.63S105.___
41.250000 101.250000 0.0
SES.63S106.___
41.000000 101.250000 0.0
SES.64S105.___
41.250000 101.500000 0.0
SES.65S105.___
41.250000 101.750000 0.0
SES.66S105.___
41.250000 102.000000 0.0
SES.67S105.___
41.250000 102.250000 0.0
SES.68S104.___
41.500000 102.500000 0.0
SES.68S105.___
41.250000 102.500000 0.0
SES.69S104.___
41.500000 102.750000 0.0
SES.69S105.___
41.250000 102.750000 0.0
SES.70S104.___
41.500000 103.000000 0.0
SES.70S105.___
41.250000 103.000000 0.0
SES.71S104.___
41.500000 103.250000 0.0
SES.72S104.___
41.500000 103.500000 0.0
SES.73S104.___
41.500000 103.750000 0.0
SES.74S104.___
41.500000 104.000000 0.0
SES.75S104.___
41.500000 104.250000 0.0
SES.76S103.___
41.750000 104.500000 0.0
SES.76S104.___
41.500000 104.500000 0.0
SES.77S103.___
41.750000 104.750000 0.0
SES.77S104.___
41.500000 104.750000 0.0
SES.78S103.___
41.750000 105.000000 0.0
SES.79S103.___
41.750000 105.250000 0.0
SES.80S103.___
41.750000 105.500000 0.0
SES.81S103.___
41.750000 105.750000 0.0
SES.82S102.___
42.000000 106.000000 0.0
SES.82S103.___
41.750000 106.000000 0.0
SES.83S102.___
42.000000 106.250000 0.0
SES.83S103.___
41.750000 106.250000 0.0
SES.84S102.___
42.000000 106.500000 0.0
SES.85S102.___
42.000000 106.750000 0.0
SES.86S102.___
42.000000 107.000000 0.0
SES.87S102.___
42.000000 107.250000 0.0
SES.88S101.___
42.250000 107.500000 0.0
SES.88S102.___
42.000000 107.500000 0.0
SES.89S101.___
42.250000 107.750000 0.0
SES.90S101.___
42.250000 108.000000 0.0
SES.91S101.___
42.250000 108.250000 0.0
SES.92S101.___
42.250000 108.500000 0.0
SES.93S100.___
42.500000 108.750000 0.0
SES.93S101.___
42.250000 108.750000 0.0
SES.94S100.___
42.500000 109.000000 0.0
SES.95S100.___
42.500000 109.250000 0.0
SES.96S100.___
42.500000 109.500000 0.0
SES.97S100.___
42.500000 109.750000 0.0
SES.98S99.___
42.750000 110.000000 0.0
SES.98S100.___
42.500000 110.000000 0.0
SES.99S99.___
42.750000 110.250000 0.0
SES.100S99.___
42.750000 110.500000 0.0
SES.101S99.___
42.750000 110.750000 0.0
SES.102S99.___
42.750000 111.000000 0.0
SES.103S98.___
43.000000 111.250000 0.0
SES.104S98.___
43.000000 111.500000 0.0
SES.105S98.___
43.000000 111.750000 0.0
SES.106S98.___
43.000000 112.000000 0.0
SES.107S98.___
43.000000 112.250000 0.0
SES.108S97.___
43.250000 112.500000 0.0
SES.109S97.___
43.250000 112.750000 0.0
SES.110S97.___
43.250000 113.000000 0.0
SES.111S97.___
43.250000 113.250000 0.0
SES.112S96.___
43.500000 113.500000 0.0
SES.113S96.___
43.500000 113.750000 0.0
SES.114S96.___
43.500000 114.000000 0.0
SES.115S96.___
43.500000 114.250000 0.0
SES.116S95.___
43.750000 114.500000 0.0
SES.117S95.___
43.750000 114.750000 0.0
SES.118S95.___
43.750000 115.000000 0.0
SES.120S94.___
44.000000 115.500000 0.0
SES.121S94.___
44.000000 115.750000 0.0
SES.122S94.___
44.000000 116.000000 0.0
SES.124S93.___
44.250000 116.500000 0.0
SES.125S93.___
44.250000 116.750000 0.0
SES.127S92.___
44.500000 117.250000 0.0
SES.128S92.___
44.500000 117.500000 0.0
SES.129S92.___
44.500000 117.750000 0.0
SES.131S91.___
44.750000 118.250000 0.0
SES.132S91.___
44.750000 118.500000 0.0
SES.134S90.___
45.000000 119.000000 0.0
SES.135S90.___
45.000000 119.250000 0.0
SES.137S89.___
45.250000 119.750000 0.0
SES.138S89.___
45.250000 120.000000 0.0
SES.141S88.___
45.500000 120.750000 0.0
SES.144S87.___
45.750000 121.500000 0.0
SES.147S86.___
46.000000 122.250000 0.0
SES.150S85.___
46.250000 123.000000 0.0
SES.152S84.___
46.500000 123.500000 0.0
SES.155S83.___
46.750000 124.250000 0.0
SES.158S82.___
47.000000 125.000000 0.0
SES.160S81.___
47.250000 125.500000 0.0
SES.165S79.___
47.750000 126.750000 0.0
