130
SES.74S0.___
67.500000 104.000000 0.0
SES.75S0.___
67.500000 104.250000 0.0
SES.75S1.___
67.250000 104.250000 0.0
SES.76S0.___
67.500000 104.500000 0.0
SES.76S1.___
67.250000 104.500000 0.0
SES.76S2.___
67.000000 104.500000 0.0
SES.77S1.___
67.250000 104.750000 0.0
SES.77S2.___
67.000000 104.750000 0.0
SES.77S3.___
66.750000 104.750000 0.0
SES.78S2.___
67.000000 105.000000 0.0
SES.78S3.___
66.750000 105.000000 0.0
SES.78S4.___
66.500000 105.000000 0.0
SES.79S3.___
66.750000 105.250000 0.0
SES.79S4.___
66.500000 105.250000 0.0
SES.79S5.___
66.250000 105.250000 0.0
SES.80S4.___
66.500000 105.500000 0.0
SES.80S5.___
66.250000 105.500000 0.0
SES.80S6.___
66.000000 105.500000 0.0
SES.81S5.___
66.250000 105.750000 0.0
SES.81S6.___
66.000000 105.750000 0.0
SES.81S7.___
65.750000 105.750000 0.0
SES.82S6.___
66.000000 106.000000 0.0
SES.82S7.___
65.750000 106.000000 0.0
SES.82S8.___
65.500000 106.000000 0.0
SES.83S7.___
65.750000 106.250000 0.0
SES.83S8.___
65.500000 106.250000 0.0
SES.83S9.___
65.250000 106.250000 0.0
SES.84S8.___
65.500000 106.500000 0.0
SES.84S9.___
65.250000 106.500000 0.0
SES.84S10.___
65.000000 106.500000 0.0
SES.85S9.___
65.250000 106.750000 0.0
SES.85S10.___
65.000000 106.750000 0.0
SES.86S10.___
65.000000 107.000000 0.0
SES.86S11.___
64.750000 107.000000 0.0
SES.87S11.___
64.750000 107.250000 0.0
SES.87S12.___
64.500000 107.250000 0.0
SES.88S12.___
64.500000 107.500000 0.0
SES.88S13.___
64.250000 107.500000 0.0
SES.89S13.___
64.250000 107.750000 0.0
SES.89S14.___
64.000000 107.750000 0.0
SES.90S14.___
64.000000 108.000000 0.0
SES.90S15.___
63.750000 108.000000 0.0
SES.91S15.___
63.750000 108.250000 0.0
SES.91S16.___
63.500000 108.250000 0.0
SES.92S16.___
63.500000 108.500000 0.0
SES.92S17.___
63.250000 108.500000 0.0
SES.93S17.___
63.250000 108.750000 0.0
SES.93S18.___
63.000000 108.750000 0.0
SES.94S18.___
63.000000 109.000000 0.0
SES.94S19.___
62.750000 109.000000 0.0
SES.95S19.___
62.750000 109.250000 0.0
SES.95S20.___
62.500000 109.250000 0.0
SES.96S20.___
62.500000 109.500000 0.0
SES.96S21.___
62.250000 109.500000 0.0
SES.97S21.___
62.250000 109.750000 0.0
SES.97S22.___
62.000000 109.750000 0.0
SES.98S21.___
62.250000 110.000000 0.0
SES.98S22.___
62.000000 110.000000 0.0
SES.99S22.___
62.000000 110.250000 0.0
SES.99S23.___
61.750000 110.250000 0.0
SES.100S23.___
61.750000 110.500000 0.0
SES.100S24.___
61.500000 110.500000 0.0
SES.101S24.___
61.500000 110.750000 0.0
SES.101S25.___
61.250000 110.750000 0.0
SES.102S25.___
61.250000 111.000000 0.0
SES.102S26.___
61.000000 111.000000 0.0
SES.103S26.___
61.000000 111.250000 0.0
SES.103S27.___
60.750000 111.250000 0.0
SES.104S27.___
60.750000 111.500000 0.0
SES.104S28.___
60.500000 111.500000 0.0
SES.105S28.___
60.500000 111.750000 0.0
SES.105S29.___
60.250000 111.750000 0.0
SES.106S29.___
60.250000 112.000000 0.0
SES.107S29.___
60.250000 112.250000 0.0
SES.107S30.___
60.000000 112.250000 0.0
SES.108S30.___
60.000000 112.500000 0.0
SES.108S31.___
59.750000 112.500000 0.0
SES.109S31.___
59.750000 112.750000 0.0
SES.109S32.___
59.500000 112.750000 0.0
SES.110S32.___
59.500000 113.000000 0.0
SES.110S33.___
59.250000 113.000000 0.0
SES.111S33.___
59.250000 113.250000 0.0
SES.111S34.___
59.000000 113.250000 0.0
SES.112S34.___
59.000000 113.500000 0.0
SES.113S35.___
58.750000 113.750000 0.0
SES.114S35.___
58.750000 114.000000 0.0
SES.114S36.___
58.500000 114.000000 0.0
SES.115S36.___
58.500000 114.250000 0.0
SES.115S37.___
58.250000 114.250000 0.0
SES.116S37.___
58.250000 114.500000 0.0
SES.116S38.___
58.000000 114.500000 0.0
SES.117S38.___
58.000000 114.750000 0.0
SES.118S39.___
57.750000 115.000000 0.0
SES.119S40.___
57.500000 115.250000 0.0
SES.120S40.___
57.500000 115.500000 0.0
SES.120S41.___
57.250000 115.500000 0.0
SES.121S41.___
57.250000 115.750000 0.0
SES.122S42.___
57.000000 116.000000 0.0
SES.123S43.___
56.750000 116.250000 0.0
SES.124S43.___
56.750000 116.500000 0.0
SES.124S44.___
56.500000 116.500000 0.0
SES.125S44.___
56.500000 116.750000 0.0
SES.126S45.___
56.250000 117.000000 0.0
SES.127S46.___
56.000000 117.250000 0.0
SES.128S46.___
56.000000 117.500000 0.0
SES.128S47.___
55.750000 117.500000 0.0
SES.129S47.___
55.750000 117.750000 0.0
SES.130S48.___
55.500000 118.000000 0.0
SES.131S49.___
55.250000 118.250000 0.0
SES.132S49.___
55.250000 118.500000 0.0
SES.133S50.___
55.000000 118.750000 0.0
SES.134S51.___
54.750000 119.000000 0.0
SES.135S52.___
54.500000 119.250000 0.0
SES.136S52.___
54.500000 119.500000 0.0
SES.137S53.___
54.250000 119.750000 0.0
SES.138S54.___
54.000000 120.000000 0.0
SES.139S54.___
54.000000 120.250000 0.0
SES.140S55.___
53.750000 120.500000 0.0
SES.141S56.___
53.500000 120.750000 0.0
SES.142S56.___
53.500000 121.000000 0.0
SES.143S57.___
53.250000 121.250000 0.0
SES.146S59.___
52.750000 122.000000 0.0
SES.148S60.___
52.500000 122.500000 0.0
SES.149S61.___
52.250000 122.750000 0.0
SES.151S62.___
52.000000 123.250000 0.0
SES.154S64.___
51.500000 124.000000 0.0
SES.156S65.___
51.250000 124.500000 0.0
SES.159S67.___
50.750000 125.250000 0.0
SES.161S68.___
50.500000 125.750000 0.0
SES.166S71.___
49.750000 127.000000 0.0
