234
SES.11S0.___
67.500000 88.250000 0.0
SES.12S0.___
67.500000 88.500000 0.0
SES.13S0.___
67.500000 88.750000 0.0
SES.13S1.___
67.250000 88.750000 0.0
SES.14S0.___
67.500000 89.000000 0.0
SES.14S1.___
67.250000 89.000000 0.0
SES.14S2.___
67.000000 89.000000 0.0
SES.15S0.___
67.500000 89.250000 0.0
SES.15S1.___
67.250000 89.250000 0.0
SES.15S2.___
67.000000 89.250000 0.0
SES.15S3.___
66.750000 89.250000 0.0
SES.16S1.___
67.250000 89.500000 0.0
SES.16S2.___
67.000000 89.500000 0.0
SES.16S3.___
66.750000 89.500000 0.0
SES.17S2.___
67.000000 89.750000 0.0
SES.17S3.___
66.750000 89.750000 0.0
SES.17S4.___
66.500000 89.750000 0.0
SES.18S3.___
66.750000 90.000000 0.0
SES.18S4.___
66.500000 90.000000 0.0
SES.18S5.___
66.250000 90.000000 0.0
SES.19S3.___
66.750000 90.250000 0.0
SES.19S4.___
66.500000 90.250000 0.0
SES.19S5.___
66.250000 90.250000 0.0
SES.20S4.___
66.500000 90.500000 0.0
SES.20S5.___
66.250000 90.500000 0.0
SES.20S6.___
66.000000 90.500000 0.0
SES.21S5.___
66.250000 90.750000 0.0
SES.21S6.___
66.000000 90.750000 0.0
SES.21S7.___
65.750000 90.750000 0.0
SES.22S6.___
66.000000 91.000000 0.0
SES.22S7.___
65.750000 91.000000 0.0
SES.23S6.___
66.000000 91.250000 0.0
SES.23S7.___
65.750000 91.250000 0.0
SES.23S8.___
65.500000 91.250000 0.0
SES.24S7.___
65.750000 91.500000 0.0
SES.24S8.___
65.500000 91.500000 0.0
SES.24S9.___
65.250000 91.500000 0.0
SES.25S8.___
65.500000 91.750000 0.0
SES.25S9.___
65.250000 91.750000 0.0
SES.25S10.___
65.000000 91.750000 0.0
SES.26S8.___
65.500000 92.000000 0.0
SES.26S9.___
65.250000 92.000000 0.0
SES.26S10.___
65.000000 92.000000 0.0
SES.27S9.___
65.250000 92.250000 0.0
SES.27S10.___
65.000000 92.250000 0.0
SES.27S11.___
64.750000 92.250000 0.0
SES.28S10.___
65.000000 92.500000 0.0
SES.28S11.___
64.750000 92.500000 0.0
SES.28S12.___
64.500000 92.500000 0.0
SES.29S10.___
65.000000 92.750000 0.0
SES.29S11.___
64.750000 92.750000 0.0
SES.29S12.___
64.500000 92.750000 0.0
SES.30S11.___
64.750000 93.000000 0.0
SES.30S12.___
64.500000 93.000000 0.0
SES.30S13.___
64.250000 93.000000 0.0
SES.31S12.___
64.500000 93.250000 0.0
SES.31S13.___
64.250000 93.250000 0.0
SES.31S14.___
64.000000 93.250000 0.0
SES.32S13.___
64.250000 93.500000 0.0
SES.32S14.___
64.000000 93.500000 0.0
SES.33S13.___
64.250000 93.750000 0.0
SES.33S14.___
64.000000 93.750000 0.0
SES.33S15.___
63.750000 93.750000 0.0
SES.34S14.___
64.000000 94.000000 0.0
SES.34S15.___
63.750000 94.000000 0.0
SES.34S16.___
63.500000 94.000000 0.0
SES.35S15.___
63.750000 94.250000 0.0
SES.35S16.___
63.500000 94.250000 0.0
SES.36S15.___
63.750000 94.500000 0.0
SES.36S16.___
63.500000 94.500000 0.0
SES.36S17.___
63.250000 94.500000 0.0
SES.37S16.___
63.500000 94.750000 0.0
SES.37S17.___
63.250000 94.750000 0.0
SES.37S18.___
63.000000 94.750000 0.0
SES.38S17.___
63.250000 95.000000 0.0
SES.38S18.___
63.000000 95.000000 0.0
SES.39S17.___
63.250000 95.250000 0.0
SES.39S18.___
63.000000 95.250000 0.0
SES.39S19.___
62.750000 95.250000 0.0
SES.40S18.___
63.000000 95.500000 0.0
SES.40S19.___
62.750000 95.500000 0.0
SES.40S20.___
62.500000 95.500000 0.0
SES.41S19.___
62.750000 95.750000 0.0
SES.41S20.___
62.500000 95.750000 0.0
SES.42S19.___
62.750000 96.000000 0.0
SES.42S20.___
62.500000 96.000000 0.0
SES.42S21.___
62.250000 96.000000 0.0
SES.43S20.___
62.500000 96.250000 0.0
SES.43S21.___
62.250000 96.250000 0.0
SES.44S21.___
62.250000 96.500000 0.0
SES.44S22.___
62.000000 96.500000 0.0
SES.45S21.___
62.250000 96.750000 0.0
SES.45S22.___
62.000000 96.750000 0.0
SES.45S23.___
61.750000 96.750000 0.0
SES.46S22.___
62.000000 97.000000 0.0
SES.46S23.___
61.750000 97.000000 0.0
SES.47S22.___
62.000000 97.250000 0.0
SES.47S23.___
61.750000 97.250000 0.0
SES.47S24.___
61.500000 97.250000 0.0
SES.48S23.___
61.750000 97.500000 0.0
SES.48S24.___
61.500000 97.500000 0.0
SES.49S24.___
61.500000 97.750000 0.0
SES.49S25.___
61.250000 97.750000 0.0
SES.50S24.___
61.500000 98.000000 0.0
SES.50S25.___
61.250000 98.000000 0.0
SES.50S26.___
61.000000 98.000000 0.0
SES.51S25.___
61.250000 98.250000 0.0
SES.51S26.___
61.000000 98.250000 0.0
SES.52S26.___
61.000000 98.500000 0.0
SES.52S27.___
60.750000 98.500000 0.0
SES.53S26.___
61.000000 98.750000 0.0
SES.53S27.___
60.750000 98.750000 0.0
SES.54S27.___
60.750000 99.000000 0.0
SES.54S28.___
60.500000 99.000000 0.0
SES.55S27.___
60.750000 99.250000 0.0
SES.55S28.___
60.500000 99.250000 0.0
SES.55S29.___
60.250000 99.250000 0.0
SES.56S28.___
60.500000 99.500000 0.0
SES.56S29.___
60.250000 99.500000 0.0
SES.57S29.___
60.250000 99.750000 0.0
SES.57S30.___
60.000000 99.750000 0.0
SES.58S29.___
60.250000 100.000000 0.0
SES.58S30.___
60.000000 100.000000 0.0
SES.59S30.___
60.000000 100.250000 0.0
SES.59S31.___
59.750000 100.250000 0.0
SES.60S30.___
60.000000 100.500000 0.0
SES.60S31.___
59.750000 100.500000 0.0
SES.61S31.___
59.750000 100.750000 0.0
SES.61S32.___
59.500000 100.750000 0.0
SES.62S32.___
59.500000 101.000000 0.0
SES.62S33.___
59.250000 101.000000 0.0
SES.63S32.___
59.500000 101.250000 0.0
SES.63S33.___
59.250000 101.250000 0.0
SES.64S33.___
59.250000 101.500000 0.0
SES.64S34.___
59.000000 101.500000 0.0
SES.65S33.___
59.250000 101.750000 0.0
SES.65S34.___
59.000000 101.750000 0.0
SES.66S34.___
59.000000 102.000000 0.0
SES.66S35.___
58.750000 102.000000 0.0
SES.67S34.___
59.000000 102.250000 0.0
SES.67S35.___
58.750000 102.250000 0.0
SES.68S35.___
58.750000 102.500000 0.0
SES.68S36.___
58.500000 102.500000 0.0
SES.69S36.___
58.500000 102.750000 0.0
SES.70S36.___
58.500000 103.000000 0.0
SES.70S37.___
58.250000 103.000000 0.0
SES.71S37.___
58.250000 103.250000 0.0
SES.72S37.___
58.250000 103.500000 0.0
SES.72S38.___
58.000000 103.500000 0.0
SES.73S38.___
58.000000 103.750000 0.0
SES.74S38.___
58.000000 104.000000 0.0
SES.74S39.___
57.750000 104.000000 0.0
SES.75S39.___
57.750000 104.250000 0.0
SES.75S40.___
57.500000 104.250000 0.0
SES.76S39.___
57.750000 104.500000 0.0
SES.76S40.___
57.500000 104.500000 0.0
SES.77S40.___
57.500000 104.750000 0.0
SES.77S41.___
57.250000 104.750000 0.0
SES.78S40.___
57.500000 105.000000 0.0
SES.78S41.___
57.250000 105.000000 0.0
SES.79S41.___
57.250000 105.250000 0.0
SES.79S42.___
57.000000 105.250000 0.0
SES.80S41.___
57.250000 105.500000 0.0
SES.80S42.___
57.000000 105.500000 0.0
SES.81S42.___
57.000000 105.750000 0.0
SES.81S43.___
56.750000 105.750000 0.0
SES.82S42.___
57.000000 106.000000 0.0
SES.82S43.___
56.750000 106.000000 0.0
SES.83S43.___
56.750000 106.250000 0.0
SES.84S43.___
56.750000 106.500000 0.0
SES.84S44.___
56.500000 106.500000 0.0
SES.85S44.___
56.500000 106.750000 0.0
SES.86S44.___
56.500000 107.000000 0.0
SES.86S45.___
56.250000 107.000000 0.0
SES.87S45.___
56.250000 107.250000 0.0
SES.88S45.___
56.250000 107.500000 0.0
SES.88S46.___
56.000000 107.500000 0.0
SES.89S46.___
56.000000 107.750000 0.0
SES.90S46.___
56.000000 108.000000 0.0
SES.90S47.___
55.750000 108.000000 0.0
SES.91S47.___
55.750000 108.250000 0.0
SES.92S47.___
55.750000 108.500000 0.0
SES.92S48.___
55.500000 108.500000 0.0
SES.93S48.___
55.500000 108.750000 0.0
SES.94S48.___
55.500000 109.000000 0.0
SES.94S49.___
55.250000 109.000000 0.0
SES.95S49.___
55.250000 109.250000 0.0
SES.96S49.___
55.250000 109.500000 0.0
SES.97S50.___
55.000000 109.750000 0.0
SES.98S50.___
55.000000 110.000000 0.0
SES.99S51.___
54.750000 110.250000 0.0
SES.100S51.___
54.750000 110.500000 0.0
SES.101S51.___
54.750000 110.750000 0.0
SES.101S52.___
54.500000 110.750000 0.0
SES.102S52.___
54.500000 111.000000 0.0
SES.103S52.___
54.500000 111.250000 0.0
SES.104S53.___
54.250000 111.500000 0.0
SES.105S53.___
54.250000 111.750000 0.0
SES.106S54.___
54.000000 112.000000 0.0
SES.107S54.___
54.000000 112.250000 0.0
SES.108S54.___
54.000000 112.500000 0.0
SES.108S55.___
53.750000 112.500000 0.0
SES.109S55.___
53.750000 112.750000 0.0
SES.110S55.___
53.750000 113.000000 0.0
SES.111S56.___
53.500000 113.250000 0.0
SES.112S56.___
53.500000 113.500000 0.0
SES.113S57.___
53.250000 113.750000 0.0
SES.114S57.___
53.250000 114.000000 0.0
SES.115S57.___
53.250000 114.250000 0.0
SES.116S58.___
53.000000 114.500000 0.0
SES.117S58.___
53.000000 114.750000 0.0
SES.119S59.___
52.750000 115.250000 0.0
SES.120S59.___
52.750000 115.500000 0.0
SES.121S60.___
52.500000 115.750000 0.0
SES.122S60.___
52.500000 116.000000 0.0
SES.123S60.___
52.500000 116.250000 0.0
SES.124S61.___
52.250000 116.500000 0.0
SES.125S61.___
52.250000 116.750000 0.0
SES.127S62.___
52.000000 117.250000 0.0
SES.128S62.___
52.000000 117.500000 0.0
SES.130S63.___
51.750000 118.000000 0.0
SES.131S63.___
51.750000 118.250000 0.0
SES.133S64.___
51.500000 118.750000 0.0
SES.134S64.___
51.500000 119.000000 0.0
SES.136S65.___
51.250000 119.500000 0.0
SES.137S65.___
51.250000 119.750000 0.0
SES.139S66.___
51.000000 120.250000 0.0
SES.140S66.___
51.000000 120.500000 0.0
SES.143S67.___
50.750000 121.250000 0.0
SES.146S68.___
50.500000 122.000000 0.0
SES.149S69.___
50.250000 122.750000 0.0
SES.150S69.___
50.250000 123.000000 0.0
SES.153S70.___
50.000000 123.750000 0.0
SES.157S71.___
49.750000 124.750000 0.0
