3
62
37.75
38.25
38.75
39.25
39.75
40.25
40.75
41.25
41.75
42.25
42.75
43.25
43.75
44.25
44.75
45.25
45.75
46.25
46.75
47.25
47.75
48.25
48.75
49.25
49.75
50.25
50.75
51.25
51.75
52.25
52.75
53.25
53.75
54.25
54.75
55.25
55.75
56.25
56.75
57.25
57.75
58.25
58.75
59.25
59.75
60.25
60.75
61.25
61.75
62.25
62.75
63.25
63.75
64.25
64.75
65.25
65.75
66.25
66.75
67.25
67.75
68.25
62
37.75
38.25
38.75
39.25
39.75
40.25
40.75
41.25
41.75
42.25
42.75
43.25
43.75
44.25
44.75
45.25
45.75
46.25
46.75
47.25
47.75
48.25
48.75
49.25
49.75
50.25
50.75
51.25
51.75
52.25
52.75
53.25
53.75
54.25
54.75
55.25
55.75
56.25
56.75
57.25
57.75
58.25
58.75
59.25
59.75
60.25
60.75
61.25
61.75
62.25
62.75
63.25
63.75
64.25
64.75
65.25
65.75
66.25
66.75
67.25
67.75
68.25
62
37.75
38.25
38.75
39.25
39.75
40.25
40.75
41.25
41.75
42.25
42.75
43.25
43.75
44.25
44.75
45.25
45.75
46.25
46.75
47.25
47.75
48.25
48.75
49.25
49.75
50.25
50.75
51.25
51.75
52.25
52.75
53.25
53.75
54.25
54.75
55.25
55.75
56.25
56.75
57.25
57.75
58.25
58.75
59.25
59.75
60.25
60.75
61.25
61.75
62.25
62.75
63.25
63.75
64.25
64.75
65.25
65.75
66.25
66.75
67.25
67.75
68.25
