3
101
6321.0
6321.5
6322.0
6322.5
6323.0
6323.5
6324.0
6324.5
6325.0
6325.5
6326.0
6326.5
6327.0
6327.5
6328.0
6328.5
6329.0
6329.5
6330.0
6330.5
6331.0
6331.5
6332.0
6332.5
6333.0
6333.5
6334.0
6334.5
6335.0
6335.5
6336.0
6336.5
6337.0
6337.5
6338.0
6338.5
6339.0
6339.5
6340.0
6340.5
6341.0
6341.5
6342.0
6342.5
6343.0
6343.5
6344.0
6344.5
6345.0
6345.5
6346.0
6346.5
6347.0
6347.5
6348.0
6348.5
6349.0
6349.5
6350.0
6350.5
6351.0
6351.5
6352.0
6352.5
6353.0
6353.5
6354.0
6354.5
6355.0
6355.5
6356.0
6356.5
6357.0
6357.5
6358.0
6358.5
6359.0
6359.5
6360.0
6360.5
6361.0
6361.5
6362.0
6362.5
6363.0
6363.5
6364.0
6364.5
6365.0
6365.5
6366.0
6366.5
6367.0
6367.5
6368.0
6368.5
6369.0
6369.5
6370.0
6370.5
6371.0
151
6171.0
6172.0
6173.0
6174.0
6175.0
6176.0
6177.0
6178.0
6179.0
6180.0
6181.0
6182.0
6183.0
6184.0
6185.0
6186.0
6187.0
6188.0
6189.0
6190.0
6191.0
6192.0
6193.0
6194.0
6195.0
6196.0
6197.0
6198.0
6199.0
6200.0
6201.0
6202.0
6203.0
6204.0
6205.0
6206.0
6207.0
6208.0
6209.0
6210.0
6211.0
6212.0
6213.0
6214.0
6215.0
6216.0
6217.0
6218.0
6219.0
6220.0
6221.0
6222.0
6223.0
6224.0
6225.0
6226.0
6227.0
6228.0
6229.0
6230.0
6231.0
6232.0
6233.0
6234.0
6235.0
6236.0
6237.0
6238.0
6239.0
6240.0
6241.0
6242.0
6243.0
6244.0
6245.0
6246.0
6247.0
6248.0
6249.0
6250.0
6251.0
6252.0
6253.0
6254.0
6255.0
6256.0
6257.0
6258.0
6259.0
6260.0
6261.0
6262.0
6263.0
6264.0
6265.0
6266.0
6267.0
6268.0
6269.0
6270.0
6271.0
6272.0
6273.0
6274.0
6275.0
6276.0
6277.0
6278.0
6279.0
6280.0
6281.0
6282.0
6283.0
6284.0
6285.0
6286.0
6287.0
6288.0
6289.0
6290.0
6291.0
6292.0
6293.0
6294.0
6295.0
6296.0
6297.0
6298.0
6299.0
6300.0
6301.0
6302.0
6303.0
6304.0
6305.0
6306.0
6307.0
6308.0
6309.0
6310.0
6311.0
6312.0
6313.0
6314.0
6315.0
6316.0
6317.0
6318.0
6319.0
6320.0
6321.0
2
6161.0
6171.0
