3
98
84.75
85.25
85.75
86.25
86.75
87.25
87.75
88.25
88.75
89.25
89.75
90.25
90.75
91.25
91.75
92.25
92.75
93.25
93.75
94.25
94.75
95.25
95.75
96.25
96.75
97.25
97.75
98.25
98.75
99.25
99.75
100.25
100.75
101.25
101.75
102.25
102.75
103.25
103.75
104.25
104.75
105.25
105.75
106.25
106.75
107.25
107.75
108.25
108.75
109.25
109.75
110.25
110.75
111.25
111.75
112.25
112.75
113.25
113.75
114.25
114.75
115.25
115.75
116.25
116.75
117.25
117.75
118.25
118.75
119.25
119.75
120.25
120.75
121.25
121.75
122.25
122.75
123.25
123.75
124.25
124.75
125.25
125.75
126.25
126.75
127.25
127.75
128.25
128.75
129.25
129.75
130.25
130.75
131.25
131.75
132.25
132.75
133.25
98
84.75
85.25
85.75
86.25
86.75
87.25
87.75
88.25
88.75
89.25
89.75
90.25
90.75
91.25
91.75
92.25
92.75
93.25
93.75
94.25
94.75
95.25
95.75
96.25
96.75
97.25
97.75
98.25
98.75
99.25
99.75
100.25
100.75
101.25
101.75
102.25
102.75
103.25
103.75
104.25
104.75
105.25
105.75
106.25
106.75
107.25
107.75
108.25
108.75
109.25
109.75
110.25
110.75
111.25
111.75
112.25
112.75
113.25
113.75
114.25
114.75
115.25
115.75
116.25
116.75
117.25
117.75
118.25
118.75
119.25
119.75
120.25
120.75
121.25
121.75
122.25
122.75
123.25
123.75
124.25
124.75
125.25
125.75
126.25
126.75
127.25
127.75
128.25
128.75
129.25
129.75
130.25
130.75
131.25
131.75
132.25
132.75
133.25
98
84.75
85.25
85.75
86.25
86.75
87.25
87.75
88.25
88.75
89.25
89.75
90.25
90.75
91.25
91.75
92.25
92.75
93.25
93.75
94.25
94.75
95.25
95.75
96.25
96.75
97.25
97.75
98.25
98.75
99.25
99.75
100.25
100.75
101.25
101.75
102.25
102.75
103.25
103.75
104.25
104.75
105.25
105.75
106.25
106.75
107.25
107.75
108.25
108.75
109.25
109.75
110.25
110.75
111.25
111.75
112.25
112.75
113.25
113.75
114.25
114.75
115.25
115.75
116.25
116.75
117.25
117.75
118.25
118.75
119.25
119.75
120.25
120.75
121.25
121.75
122.25
122.75
123.25
123.75
124.25
124.75
125.25
125.75
126.25
126.75
127.25
127.75
128.25
128.75
129.25
129.75
130.25
130.75
131.25
131.75
132.25
132.75
133.25
