161
SES.149S75.___
48.750000 122.750000 0.0
SES.149S76.___
48.500000 122.750000 0.0
SES.149S77.___
48.250000 122.750000 0.0
SES.150S71.___
49.750000 123.000000 0.0
SES.150S72.___
49.500000 123.000000 0.0
SES.150S73.___
49.250000 123.000000 0.0
SES.150S74.___
49.000000 123.000000 0.0
SES.150S75.___
48.750000 123.000000 0.0
SES.150S76.___
48.500000 123.000000 0.0
SES.150S77.___
48.250000 123.000000 0.0
SES.150S78.___
48.000000 123.000000 0.0
SES.150S79.___
47.750000 123.000000 0.0
SES.150S80.___
47.500000 123.000000 0.0
SES.150S81.___
47.250000 123.000000 0.0
SES.151S69.___
50.250000 123.250000 0.0
SES.151S70.___
50.000000 123.250000 0.0
SES.151S71.___
49.750000 123.250000 0.0
SES.151S72.___
49.500000 123.250000 0.0
SES.151S73.___
49.250000 123.250000 0.0
SES.151S74.___
49.000000 123.250000 0.0
SES.151S75.___
48.750000 123.250000 0.0
SES.151S76.___
48.500000 123.250000 0.0
SES.151S77.___
48.250000 123.250000 0.0
SES.151S78.___
48.000000 123.250000 0.0
SES.151S79.___
47.750000 123.250000 0.0
SES.151S80.___
47.500000 123.250000 0.0
SES.151S81.___
47.250000 123.250000 0.0
SES.151S82.___
47.000000 123.250000 0.0
SES.151S83.___
46.750000 123.250000 0.0
SES.152S67.___
50.750000 123.500000 0.0
SES.152S68.___
50.500000 123.500000 0.0
SES.152S69.___
50.250000 123.500000 0.0
SES.152S70.___
50.000000 123.500000 0.0
SES.152S71.___
49.750000 123.500000 0.0
SES.152S80.___
47.500000 123.500000 0.0
SES.152S81.___
47.250000 123.500000 0.0
SES.152S82.___
47.000000 123.500000 0.0
SES.152S83.___
46.750000 123.500000 0.0
SES.152S84.___
46.500000 123.500000 0.0
SES.153S66.___
51.000000 123.750000 0.0
SES.153S67.___
50.750000 123.750000 0.0
SES.153S68.___
50.500000 123.750000 0.0
SES.153S69.___
50.250000 123.750000 0.0
SES.153S83.___
46.750000 123.750000 0.0
SES.153S84.___
46.500000 123.750000 0.0
SES.153S85.___
46.250000 123.750000 0.0
SES.153S86.___
46.000000 123.750000 0.0
SES.154S65.___
51.250000 124.000000 0.0
SES.154S66.___
51.000000 124.000000 0.0
SES.154S67.___
50.750000 124.000000 0.0
SES.154S84.___
46.500000 124.000000 0.0
SES.154S85.___
46.250000 124.000000 0.0
SES.154S86.___
46.000000 124.000000 0.0
SES.154S87.___
45.750000 124.000000 0.0
SES.155S64.___
51.500000 124.250000 0.0
SES.155S65.___
51.250000 124.250000 0.0
SES.155S66.___
51.000000 124.250000 0.0
SES.155S85.___
46.250000 124.250000 0.0
SES.155S86.___
46.000000 124.250000 0.0
SES.155S87.___
45.750000 124.250000 0.0
SES.156S63.___
51.750000 124.500000 0.0
SES.156S64.___
51.500000 124.500000 0.0
SES.156S65.___
51.250000 124.500000 0.0
SES.156S87.___
45.750000 124.500000 0.0
SES.156S88.___
45.500000 124.500000 0.0
SES.157S62.___
52.000000 124.750000 0.0
SES.157S63.___
51.750000 124.750000 0.0
SES.157S64.___
51.500000 124.750000 0.0
SES.157S87.___
45.750000 124.750000 0.0
SES.157S88.___
45.500000 124.750000 0.0
SES.157S89.___
45.250000 124.750000 0.0
SES.158S61.___
52.250000 125.000000 0.0
SES.158S62.___
52.000000 125.000000 0.0
SES.158S63.___
51.750000 125.000000 0.0
SES.158S88.___
45.500000 125.000000 0.0
SES.158S89.___
45.250000 125.000000 0.0
SES.158S90.___
45.000000 125.000000 0.0
SES.159S61.___
52.250000 125.250000 0.0
SES.159S62.___
52.000000 125.250000 0.0
SES.159S89.___
45.250000 125.250000 0.0
SES.159S90.___
45.000000 125.250000 0.0
SES.160S60.___
52.500000 125.500000 0.0
SES.160S61.___
52.250000 125.500000 0.0
SES.160S89.___
45.250000 125.500000 0.0
SES.160S90.___
45.000000 125.500000 0.0
SES.160S91.___
44.750000 125.500000 0.0
SES.161S60.___
52.500000 125.750000 0.0
SES.161S61.___
52.250000 125.750000 0.0
SES.161S90.___
45.000000 125.750000 0.0
SES.161S91.___
44.750000 125.750000 0.0
SES.162S59.___
52.750000 126.000000 0.0
SES.162S60.___
52.500000 126.000000 0.0
SES.162S90.___
45.000000 126.000000 0.0
SES.162S91.___
44.750000 126.000000 0.0
SES.163S59.___
52.750000 126.250000 0.0
SES.163S60.___
52.500000 126.250000 0.0
SES.163S91.___
44.750000 126.250000 0.0
SES.163S92.___
44.500000 126.250000 0.0
SES.164S58.___
53.000000 126.500000 0.0
SES.164S59.___
52.750000 126.500000 0.0
SES.164S91.___
44.750000 126.500000 0.0
SES.164S92.___
44.500000 126.500000 0.0
SES.165S58.___
53.000000 126.750000 0.0
SES.165S59.___
52.750000 126.750000 0.0
SES.165S92.___
44.500000 126.750000 0.0
SES.166S58.___
53.000000 127.000000 0.0
SES.166S59.___
52.750000 127.000000 0.0
SES.166S92.___
44.500000 127.000000 0.0
SES.166S93.___
44.250000 127.000000 0.0
SES.167S58.___
53.000000 127.250000 0.0
SES.167S92.___
44.500000 127.250000 0.0
SES.167S93.___
44.250000 127.250000 0.0
SES.168S57.___
53.250000 127.500000 0.0
SES.168S58.___
53.000000 127.500000 0.0
SES.168S92.___
44.500000 127.500000 0.0
SES.168S93.___
44.250000 127.500000 0.0
SES.169S57.___
53.250000 127.750000 0.0
SES.169S58.___
53.000000 127.750000 0.0
SES.169S92.___
44.500000 127.750000 0.0
SES.169S93.___
44.250000 127.750000 0.0
SES.170S57.___
53.250000 128.000000 0.0
SES.170S58.___
53.000000 128.000000 0.0
SES.170S93.___
44.250000 128.000000 0.0
SES.171S57.___
53.250000 128.250000 0.0
SES.171S58.___
53.000000 128.250000 0.0
SES.171S93.___
44.250000 128.250000 0.0
SES.172S57.___
53.250000 128.500000 0.0
SES.172S58.___
53.000000 128.500000 0.0
SES.172S93.___
44.250000 128.500000 0.0
SES.172S94.___
44.000000 128.500000 0.0
SES.173S57.___
53.250000 128.750000 0.0
SES.173S58.___
53.000000 128.750000 0.0
SES.173S93.___
44.250000 128.750000 0.0
SES.173S94.___
44.000000 128.750000 0.0
SES.174S57.___
53.250000 129.000000 0.0
SES.174S58.___
53.000000 129.000000 0.0
SES.175S57.___
53.250000 129.250000 0.0
SES.175S58.___
53.000000 129.250000 0.0
SES.176S57.___
53.250000 129.500000 0.0
SES.176S58.___
53.000000 129.500000 0.0
SES.177S57.___
53.250000 129.750000 0.0
SES.177S58.___
53.000000 129.750000 0.0
SES.178S57.___
53.250000 130.000000 0.0
SES.178S58.___
53.000000 130.000000 0.0
SES.179S57.___
53.250000 130.250000 0.0
SES.179S58.___
53.000000 130.250000 0.0
SES.180S57.___
53.250000 130.500000 0.0
SES.180S58.___
53.000000 130.500000 0.0
SES.181S58.___
53.000000 130.750000 0.0
SES.182S58.___
53.000000 131.000000 0.0
SES.182S59.___
52.750000 131.000000 0.0
SES.183S58.___
53.000000 131.250000 0.0
SES.183S59.___
52.750000 131.250000 0.0
SES.184S58.___
53.000000 131.500000 0.0
SES.184S59.___
52.750000 131.500000 0.0
SES.185S59.___
52.750000 131.750000 0.0
SES.185S60.___
52.500000 131.750000 0.0
SES.186S59.___
52.750000 132.000000 0.0
SES.186S60.___
52.500000 132.000000 0.0
SES.187S60.___
52.500000 132.250000 0.0
SES.187S61.___
52.250000 132.250000 0.0
